1001340047937006
1001340047937014
1001340047937022
1001340047937030
1001340047937048
1001340047937071
1001340047937055
1001340047937089
1001340047937063
1001340047937097
1001340047937105
1001340047937113
1001340047937121
1001340047937139
1001340047937154
1001340047937147
1001340047937162
1001340047937170
1001340047937188
1001340047937196
1001340047937204
1001340047937212
1001340047937220
1001340047937238
1001340047937246
1001340047937253
1001340047937261
1001340047937295
1001340047937311
1001340047937303
1001340047937329
1001340047937345
1001340047937337
1001340047937352
1001340047937360
1001340047937378
1001340047937394
1001340047937386
1001340047937402
1001340047937410
1001340047937436
1001340047937428
1001340047937444
1001340047937451
1001340047937477
1001340047937469
1001340047937485
1001340047937493
1001340047937501
1001340047937519
1001340047937527
1001340047937543
1001340047937568
1001340047937535
1001340047937576
1001340047937584
1001340047937592
1001340047937618
1001340047937626
1001340047937634
1001340047937642
1001340047937659
1001340047937675
1001340047937667
1001340047937709
1001340047937691
1001340047937683
1001340047937717
1001340047937725
1001340047937733
1001340047937741
1001340047937758
1001340047937766
1001340047937782
1001340047937790
1001340047937808
1001340047937816
1001340047937832
1001340047937824
1001340047937840
1001340047937857
1001340047937865
1001340047937881
1001340047937873
1001340047937899
1001340047937915
1001340047937907
1001340047937923
1001340047937949
1001340047937931
1001340047937956
1001340047937964
1001340047937972
1001340047937980
1001340047937998
1001340047938004
1001340047938020
1001340047938038
1001340047938046
1001340047938061
1001340047938079
1001340047938087
1001340047938103
1001340047938095
1001340047938129
1001340047938137
1001340047938145
1001340047938152
1001340047938160
1001340047938178
1001340047938186
1001340047938194
1001340047938202
1001340047938210
1001340047938228
1001340047938236
1001340047938251
1001340047938244
1001340047938269
1001340047938277
1001340047938293
1001340047938301
1001340047938285
1001340047938327
1001340047938319
1001340047938343
1001340047938350
1001340047938335
1001340047938376
1001340047938368
1001340047938384
1001340047938418
1001340047938400
1001340047938426
1001340047938434
1001340047938442
1001340047938459
1001340047938475
1001340047938491
1001340047938483
1001340047938517
1001340047938525
1001340047938533
1001340047938541
1001340047938558
1001340047938566
1001340047938574
1001340047938582
1001340047938590
1001340047938608
1001340047938616
1001340047938624
1001340047938632
1001340047938657
1001340047938640
1001340047938673
1001340047938699
1001340047938681
1001340047938707
1001340047938715
1001340047938723
1001340047938731
1001340047938756
1001340047938764
1001340047938772
1001340047938780
1001340047938798
1001340047938806
1001340047938814
1001340047938822
1001340047938830
1001340047938848
1001340047938863
1001340047938855
1001340047938889
1001340047938897
1001340047938905
1001340047938921
1001340047938939
1001340047938947
1001340047938954
1001340047938962
1001340047938970
1001340047938988
1001340047938996
1001340047939002
1001340047939010
1001340047939028
1001340047939044
1001340047939036
1001340047939051
1001340047939069
1001340047939077
1001340047939085
1001340047939093
1001340047939101
1001340047939119
1001340047939135
1001340047939143
1001340047939168
1001340047939192
1001340047939200
1001340047939218
1001340047939176
1001340047939226
1001340047939184
1001340047939234
1001340047939267
1001340047939259
1001340047939283
1001340047939291
1001340047939309
1001340047939317
1001340047939325
1001340047939333
1001340047939358
1001340047939366
1001340047939341
1001340047939382
1001340047939374
1001340047939390
1001340047939408
1001340047939424
1001340047939416
1001340047939440
1001340047939457
1001340047939481
1001340047939499
1001340047939507
1001340047939523
1001340047939531
1001340047939515
1001340047939549
1001340047939556
1001340047939564
1001340047939572
1001340047939598
1001340047939580
1001340047939606
1001340047939622
1001340047939614
1001340047939630
1001340047939648
1001340047939655
1001340047939663
1001340047939689
1001340047939671
1001340047939705
1001340047939697
1001340047939713
1001340047939721
1001340047939739
1001340047939747
1001340047939754
1001340047939762
1001340047939788
1001340047939770
1001340047939796
1001340047939804
1001340047939812
1001340047939820
1001340047939838
1001340047939861
1001340047939879
1001340047939887
1001340047939895
1001340047939911
1001340047939929
1001340047939903
1001340047939945
1001340047939937
1001340047939952
1001340047939960
1001340047939978
1001340047939986
1001340047939994
1001340047940018
1001340047940026
1001340047940034
1001340047940059
1001340047940042
1001340047940067
1001340047940083
1001340047940091
1001340047940075
1001340047940109
1001340047940117
1001340047940125
1001340047940141
1001340047940158
1001340047940166
1001340047940174
1001340047940182
1001340047940190
1001340047940208
1001340047940224
1001340047940232
1001340047940257
1001340047940240
1001340047940273
1001340047940281
1001340047940299
1001340047940307
1001340047940315
1001340047940349
1001340047940331
1001340047940323
1001340047940356
1001340047940364
1001340047940372
1001340047940406
1001340047940398
1001340047940380
1001340047940422
1001340047940430
1001340047940414
1001340047940448
1001340047940455
1001340047940463
1001340047940471
1001340047940497
1001340047940489
1001340047940505
1001340047940521
1001340047940513
1001340047940539
1001340047940554
1001340047940562
1001340047940570
1001340047940596
1001340047940604
1001340047940612
1001340047940620
1001340047940646
1001340047940638
1001340047940653
1001340047940679
1001340047940661
1001340047940687
1001340047940703
1001340047940695
1001340047940729
1001340047940737
1001340047940711
1001340047940752
1001340047940745
1001340047940760
1001340047940778
1001340047940802
1001340047940828
1001340047940810
1001340047940836
1001340047940869
1001340047940877
1001340047940885
1001340047940893
1001340047940919
1001340047940901
1001340047940927
1001340047940943
1001340047940935
1001340047940950
1001340047940976
1001340047940968
1001340047940984
1001340047940992
1001340047941008
1001340047941016
1001340047941024
1001340047941032
1001340047941040
1001340047941057
1001340047941065
1001340047941073
1001340047941081
1001340047941099
1001340047941107
1001340047941115
1001340047941123
1001340047941149
1001340047941131
1001340047941156
1001340047941172
1001340047941164
1001340047941180
1001340047941206
1001340047941198
1001340047941214
1001340047941222
1001340047941248
1001340047941255
1001340047941263
1001340047941271
1001340047941305
1001340047941289
1001340047941321
1001340047941297
1001340047941339
1001340047941347
1001340047941362
1001340047941388
1001340047941396
1001340047941404
1001340047941412
1001340047941438
1001340047941420
1001340047941453
1001340047941446
1001340047941461
1001340047941479
1001340047941495
1001340047941503
1001340047941487
1001340047941511
1001340047941529
1001340047941537
1001340047941545
1001340047941552
1001340047941560
1001340047941578
1001340047941586
1001340047941602
1001340047941628
1001340047941610
1001340047941636
1001340047941644
1001340047941651
1001340047941669
1001340047941685
1001340047941677
1001340047941701
1001340047941719
1001340047941727
1001340047941735
1001340047941743
1001340047941750
1001340047941768
1001340047941776
1001340047941792
1001340047941784
1001340047941800
1001340047941834
1001340047941826
1001340047941842
1001340047941867
1001340047941875
1001340047941883
1001340047941859
1001340047941891
1001340047941917
1001340047941909
1001340047941941
1001340047941933
1001340047941925
1001340047941958
1001340047941966
1001340047941974
1001340047941982
1001340047942006
1001340047941990
1001340047942014
1001340047942030
1001340047942022
1001340047942048
1001340047942055
1001340047942063
1001340047942089
1001340047942071
1001340047942097
1001340047942105
1001340047942113
1001340047942121
1001340047942139
1001340047942147
1001340047942154
1001340047942170
1001340047942188
1001340047942196
1001340047942162
1001340047942204
1001340047942220
1001340047942238
1001340047942253
1001340047942246
1001340047942279
1001340047942261
1001340047942287
1001340047942303
1001340047942295
1001340047942311
1001340047942345
1001340047942337
1001340047942329
1001340047942378
1001340047942352
1001340047942360
1001340047942386
1001340047942394
1001340047942410
1001340047942402
1001340047942428
1001340047942436
1001340047942451
1001340047942469
1001340047942444
1001340047942477
1001340047942493
1001340047942485
1001340047942501
1001340047942519
1001340047942535
1001340047942543
1001340047942568
1001340047942576
1001340047942584
1001340047942592
1001340047942618
1001340047942600
1001340047942626
1001340047942634
1001340047942659
1001340047942642
1001340047942667
1001340047942675
1001340047942691
1001340047942709
1001340047942683
1001340047942725
1001340047942717
1001340047942733
1001340047942758
1001340047942741
1001340047942766
1001340047942774
1001340047942782
1001340047942816
1001340047942808
1001340047942824
1001340047942832
1001340047942857
1001340047942873
1001340047942865
1001340047942881
1001340047942899
1001340047942907
1001340047942915
1001340047942923
1001340047942949
1001340047942931
1001340047942956
1001340047942972
1001340047942964
1001340047942980
1001340047942998
1001340047943004
1001340047943020
1001340047943038
1001340047943012
1001340047943046
1001340047943061
1001340047943053
1001340047943087
1001340047943079
1001340047943095
1001340047943103
1001340047943111
1001340047943129
1001340047943152
1001340047943145
1001340047943178
1001340047943160
1001340047943186
1001340047943202
1001340047943194
1001340047943210
1001340047943228
1001340047943244
1001340047943236
1001340047943277
1001340047943269
1001340047943285
1001340047943293
1001340047943301
1001340047943319
1001340047943335
1001340047943343
1001340047943350
1001340047943368
1001340047943384
1001340047943392
1001340047943376
1001340047943400
1001340047943418
1001340047943426
1001340047943442
1001340047943434
1001340047943459
1001340047943467
1001340047943483
1001340047943475
1001340047943509
1001340047943491
1001340047943517
1001340047943533
1001340047943525
1001340047943541
1001340047943558
1001340047943566
1001340047943574
1001340047943590
1001340047943608
1001340047943582
1001340047943616
1001340047943624
1001340047943632
1001340047943640
1001340047943657
1001340047943665
1001340047943681
1001340047943673
1001340047943699
1001340047943715
1001340047943707
1001340047943723
1001340047943731
1001340047943772
1001340047943764
1001340047943780
1001340047943798
1001340047943806
1001340047943814
1001340047943822
1001340047943830
1001340047943848
1001340047943855
1001340047943871
1001340047943889
1001340047943863
1001340047943905
1001340047943897
1001340047943913
1001340047943947
1001340047943921
1001340047943954
1001340047943970
1001340047943962
1001340047943988
1001340047943996
1001340047944002
1001340047944036
1001340047944028
1001340047944044
1001340047944051
1001340047944077
1001340047944085
1001340047944069
1001340047944101
1001340047944119
1001340047944135
1001340047944143
1001340047944168
1001340047944176
1001340047944184
1001340047944192
1001340047944218
1001340047944200
1001340047944226
1001340047944234
1001340047944267
1001340047944259
1001340047944242
1001340047944275
1001340047944283
1001340047944291
1001340047944309
1001340047944325
1001340047944317
1001340047944333
1001340047944341
1001340047944358
1001340047944374
1001340047944366
1001340047944382
1001340047944390
1001340047944416
1001340047944408
1001340047944424
1001340047944457
1001340047944465
1001340047944473
1001340047944481
1001340047944499
1001340047944523
1001340047944515
1001340047944531
1001340047944549
1001340047944556
1001340047944564
1001340047944572
1001340047944580
1001340047944598
1001340047944606
1001340047944622
1001340047944630
1001340047944663
1001340047944655
1001340047944648
1001340047944689
1001340047944697
1001340047944705
1001340047944721
1001340047944713
1001340047944739
1001340047944754
1001340047944747
1001340047944762
1001340047944770
1001340047944788
1001340047944796
1001340047944804
1001340047944812
1001340047944820
1001340047944846
1001340047944838
1001340047944853
1001340047944861
1001340047944879
1001340047944887
1001340047944895
1001340047944903
1001340047944911
1001340047944929
1001340047944937
1001340047944945
1001340047944952
1001340047944994
1001340047944978
1001340047945017
1001340047945025
1001340047945009
1001340047945033
1001340047945041
1001340047945058
1001340047945066
1001340047945082
1001340047945108
1001340047945116
1001340047945140
1001340047945132
1001340047945124
1001340047945165
1001340047945157
1001340047945173
1001340047945181
1001340047945199
1001340047945207
1001340047945223
1001340047945215
1001340047945231
1001340047945249
1001340047945264
1001340047945272
1001340047945280
1001340047945298
1001340047945306
1001340047945314
1001340047945322
1001340047945348
1001340047945330
1001340047945371
1001340047945363
1001340047945389
1001340047945397
1001340047945405
1001340047945413
1001340047945421
1001340047945454
1001340047945462
1001340047945470
1001340047945496
1001340047945488
1001340047945520
1001340047945512
1001340047945504
1001340047945546
1001340047945579
1001340047945561
1001340047945595
1001340047945553
1001340047945603
1001340047945611
1001340047945637
1001340047945629
1001340047945645
1001340047945660
1001340047945652
1001340047945678
1001340047945694
1001340047945702
1001340047945710
1001340047945686
1001340047945728
1001340047945736
1001340047945744
1001340047945751
1001340047945777
1001340047945769
1001340047945785
1001340047945793
1001340047945801
1001340047945819
1001340047945835
1001340047945827
1001340047945843
1001340047945850
1001340047945868
1001340047945884
1001340047945876
1001340047945892
1001340047945900
1001340047945918
1001340047945934
1001340047945926
1001340047945942
1001340047945967
1001340047945959
1001340047945983
1001340047945975
1001340047945991
1001340047946007
1001340047946023
1001340047946015
1001340047946031
1001340047946049
1001340047946056
1001340047946064
1001340047946080
1001340047946072
1001340047946106
1001340047946098
1001340047946114
1001340047946122
1001340047946148
1001340047946155
1001340047946163
1001340047946171
1001340047946189
1001340047946197
1001340047946213
1001340047946221
1001340047946205
1001340047946247
1001340047946239
1001340047946254
1001340047946262
1001340047946270
1001340047946288
1001340047946296
1001340047946304
1001340047946312
1001340047946320
1001340047946338
1001340047946346
1001340047946361
1001340047946353
1001340047946379
1001340047946387
1001340047946395
1001340047946411
1001340047946429
1001340047946403
1001340047946437
1001340047946445
1001340047946452
1001340047946478
1001340047946486
1001340047946494
1001340047946510
1001340047946528
1001340047946536
1001340047946544
1001340047946551
1001340047946577
1001340047946569
1001340047946585
1001340047946593
1001340047946601
1001340047946619
1001340047946627
1001340047946635
1001340047946643
1001340047946650
1001340047946668
1001340047946684
1001340047946676
1001340047946700
1001340047946718
1001340047946692
1001340047946726
1001340047946734
1001340047946759
1001340047946742
1001340047946767
1001340047946775
1001340047946783
1001340047946791
1001340047946817
1001340047946809
1001340047946825
1001340047946841
1001340047946866
1001340047946858
1001340047946874
1001340047946890
1001340047946882
1001340047946916
1001340047946924
1001340047946932
1001340047946940
1001340047946965
1001340047946973
1001340047946957
1001340047946981
1001340047946999
1001340047947005
1001340047947021
1001340047947013
1001340047947039
1001340047947047
1001340047947062
1001340047947054
1001340047947088
1001340047947096
1001340047947070
1001340047947120
1001340047947112
1001340047947146
1001340047947138
1001340047947153
1001340047947161
1001340047947179
1001340047947187
1001340047947195
1001340047947203
1001340047947211
1001340047947237
1001340047947245
1001340047947229
1001340047947252
1001340047947260
1001340047947278
1001340047947286
1001340047947294
1001340047947302
1001340047947310
1001340047947328
1001340047947336
1001340047947369
1001340047947344
1001340047947351
1001340047947377
1001340047947393
1001340047947385
1001340047947419
1001340047947401
1001340047947435
1001340047947427
1001340047947468
1001340047947443
1001340047947476
1001340047947484
1001340047947500
1001340047947518
1001340047947526
1001340047947534
1001340047947542
1001340047947559
1001340047947567
1001340047947575
1001340047947583
1001340047947591
1001340047947609
1001340047947617
1001340047947633
1001340047947641
1001340047947658
1001340047947666
1001340047947674
1001340047947682
1001340047947690
1001340047947708
1001340047947716
1001340047947724
1001340047947732
1001340047947740
1001340047947757
1001340047947765
1001340047947773
1001340047947781
1001340047947799
1001340047947807
1001340047947815
1001340047947823
1001340047947831
1001340047947856
1001340047947849
1001340047947864
1001340047947872
1001340047947880
1001340047947898
1001340047947906
1001340047947914
1001340047947930
1001340047947955
1001340047947948
1001340047947963
1001340047947989
1001340047947971
1001340047948003
1001340047947997
1001340047948011
1001340047948029
1001340047948037
1001340047948045
1001340047948060
1001340047948078
1001340047948086
1001340047948102
1001340047948094
1001340047948110
1001340047948128
1001340047948136
1001340047948144
1001340047948169
1001340047948185
1001340047948177
1001340047948193
1001340047948201
1001340047948219
1001340047948227
1001340047948235
1001340047948243
1001340047948250
1001340047948268
1001340047948284
1001340047948292
1001340047948300
1001340047948318
1001340047948326
1001340047948334
1001340047948342
1001340047948359
1001340047948367
1001340047948375
1001340047948391
1001340047948417
1001340047948425
1001340047948433
1001340047948441
1001340047948458
1001340047948466
1001340047948474
1001340047948482
1001340047948490
1001340047948516
1001340047948508
1001340047948524
1001340047948532
1001340047948557
1001340047948540
1001340047948565
1001340047948581
1001340047948573
1001340047948599
1001340047948607
1001340047948615
1001340047948631
1001340047948649
1001340047948664
1001340047948672
1001340047948656
1001340047948680
1001340047948706
1001340047948698
1001340047948722
1001340047948730
1001340047948748
1001340047948755
1001340047948763
1001340047948789
1001340047948797
1001340047948771
1001340047948805
1001340047948813
1001340047948821
1001340047948839
1001340047948847
1001340047948854
1001340047948862
1001340047948888
1001340047948896
1001340047948870
1001340047948920
1001340047948912
1001340047948938
1001340047948946
1001340047948961
1001340047948953
1001340047948979
1001340047948995
1001340047948987
1001340047949001
1001340047949019
1001340047949027
1001340047949035
1001340047949050
1001340047949068
1001340047949076
1001340047949084
1001340047949092
1001340047949100
1001340047949118
1001340047949134
1001340047949142
1001340047949159
1001340047949167
1001340047949175
1001340047949191
1001340047949183
1001340047949209
1001340047949225
1001340047949233
1001340047949266
1001340047949258
1001340047949282
1001340047949274
1001340047949290
1001340047949308
1001340047949316
1001340047949324
1001340047949332
1001340047949340
1001340047949365
1001340047949373
1001340047949381
1001340047949399
1001340047949407
1001340047949415
1001340047949423
1001340047949431
1001340047949449
1001340047949456
1001340047949464
1001340047949472
1001340047949480
1001340047949498
1001340047949506
1001340047949514
1001340047949522
1001340047949530
1001340047949548
1001340047949555
1001340047949571
1001340047949597
1001340047949605
1001340047949589
1001340047949613
1001340047949621
1001340047949647
1001340047949654
1001340047949662
1001340047949670
1001340047949688
1001340047949696
1001340047949704
1001340047949712
1001340047949738
1001340047949720
1001340047949746
1001340047949753
1001340047949761
1001340047949779
1001340047949787
1001340047949803
1001340047949811
1001340047949829
1001340047949837
1001340047949845
1001340047949852
1001340047949860
1001340047949878
1001340047949894
1001340047949886
1001340047949910
1001340047949928
1001340047949902
1001340047949944
1001340047949936
1001340047949951
1001340047949969
1001340047949985
1001340047949977
1001340047950017
1001340047950041
1001340047950033
1001340047950058
1001340047950074
1001340047950082
1001340047950108
1001340047950090
1001340047950116
1001340047950124
1001340047950132
1001340047950140
1001340047950165
1001340047950173
1001340047950181
1001340047950199
1001340047950207
1001340047950215
1001340047950223
1001340047950231
1001340047950256
1001340047950249
1001340047950264
1001340047950280
1001340047950298
1001340047950272
1001340047950306
1001340047950314
1001340047950322
1001340047950330
1001340047950355
1001340047950348
1001340047950363
1001340047950371
1001340047950389
1001340047950397
1001340047950413
1001340047950405
1001340047950421
1001340047950439
1001340047950447
1001340047950462
1001340047950470
1001340047950488
1001340047950496
1001340047950504
1001340047950520
1001340047950538
1001340047950546
1001340047950553
1001340047950561
1001340047950579
1001340047950595
1001340047950587
1001340047950603
1001340047950611
1001340047950629
1001340047950637
1001340047950645
1001340047950652
1001340047950660
1001340047950678
1001340047950686
1001340047950694
1001340047950702
1001340047950710
1001340047950736
1001340047950744
1001340047950769
1001340047950751
1001340047950777
1001340047950785
1001340047950801
1001340047950827
1001340047950835
1001340047950819
1001340047950850
1001340047950843
1001340047950868
1001340047950884
1001340047950876
1001340047950918
1001340047950892
1001340047950900
1001340047950926
1001340047950934
1001340047950942
1001340047950959
1001340047950975
1001340047950983
1001340047950967
1001340047950991
1001340047951015
1001340047951023
1001340047951007
1001340047951049
1001340047951031
1001340047951056
1001340047951064
1001340047951098
1001340047951106
1001340047951122
1001340047951114
1001340047951130
1001340047951148
1001340047951163
1001340047951155
1001340047951171
1001340047951197
1001340047951189
1001340047951205
1001340047951221
1001340047951213
1001340047951239
1001340047951254
1001340047951247
1001340047951262
1001340047951296
1001340047951270
1001340047951304
1001340047951288
1001340047951312
1001340047951320
1001340047951346
1001340047951338
1001340047951361
1001340047951353
1001340047951387
1001340047951395
1001340047951403
1001340047951411
1001340047951429
1001340047951437
1001340047951445
1001340047951452
1001340047951460
1001340047951478
1001340047951486
1001340047951502
1001340047951494
1001340047951510
1001340047951528
1001340047951536
1001340047951544
1001340047951569
1001340047951577
1001340047951551
1001340047951585
1001340047951601
1001340047951619
1001340047951627
1001340047951635
1001340047951643
1001340047951650
1001340047951676
1001340047951668
1001340047951692
1001340047951700
1001340047951718
1001340047951742
1001340047951734
1001340047951759
1001340047951767
1001340047951775
1001340047951791
1001340047951783
1001340047951809
1001340047951817
1001340047951825
1001340047951858
1001340047951833
1001340047951841
1001340047951882
1001340047951866
1001340047951874
1001340047951890
1001340047951908
1001340047951916
1001340047951924
1001340047951940
1001340047951932
1001340047951957
1001340047951965
1001340047951973
1001340047951999
1001340047951981
1001340047952005
1001340047952013
1001340047952021
1001340047952039
1001340047952047
1001340047952054
1001340047952062
1001340047952070
1001340047952088
1001340047952104
1001340047952112
1001340047952138
1001340047952146
1001340047952153
1001340047952161
1001340047952179
1001340047952187
1001340047952195
1001340047952203
1001340047952211
1001340047952229
1001340047952237
1001340047952252
1001340047952260
1001340047952278
1001340047952286
1001340047952294
1001340047952302
1001340047952310
1001340047952328
1001340047952344
1001340047952336
1001340047952351
1001340047952377
1001340047952369
1001340047952385
1001340047952393
1001340047952401
1001340047952419
1001340047952427
1001340047952435
1001340047952443
1001340047952476
1001340047952468
1001340047952484
1001340047952492
1001340047952518
1001340047952526
1001340047952534
1001340047952575
1001340047952609
1001340047952591
1001340047952617
1001340047952633
1001340047952641
1001340047952658
1001340047952666
1001340047952674
1001340047952690
1001340047952708
1001340047952716
1001340047952724
1001340047952732
1001340047952740
1001340047952757
1001340047952773
1001340047952765
1001340047952781
1001340047952815
1001340047952807
1001340047952799
1001340047952849
1001340047952823
1001340047952856
1001340047952864
1001340047952872
1001340047952880
1001340047952898
1001340047952906
1001340047952930
1001340047952922
1001340047952914
1001340047952955
1001340047952948
1001340047952963
1001340047952971
1001340047952997
1001340047953003
1001340047952989
1001340047953011
1001340047953029
1001340047953037
1001340047953045
1001340047953060
1001340047953078
1001340047953086
1001340047953094
1001340047953102
1001340047953110
1001340047953128
1001340047953136
1001340047953169
1001340047953151
1001340047953177
1001340047953185
1001340047953201
1001340047953219
1001340047953227
1001340047953235
1001340047953243
1001340047953268
1001340047953276
1001340047953250
1001340047953284
1001340047953292
1001340047953300
1001340047953318
1001340047953326
1001340047953334
1001340047953342
1001340047953359
1001340047953367
1001340047953375
1001340047953383
1001340047953391
1001340047953425
1001340047953409
1001340047953433
1001340047953458
1001340047953441
1001340047953474
1001340047953466
1001340047953482
1001340047953508
1001340047953490
1001340047953516
1001340047953532
1001340047953524
1001340047953540
1001340047953557
1001340047953573
1001340047953581
1001340047953599
1001340047953565
1001340047953615
1001340047953607
1001340047953623
1001340047953631
1001340047953649
1001340047953656
1001340047953664
1001340047953672
1001340047953698
1001340047953680
1001340047953706
1001340047953714
1001340047953722
1001340047953730
1001340047953748
1001340047953755
1001340047953763
1001340047953771
1001340047953797
1001340047953789
1001340047953805
1001340047953813
1001340047953839
1001340047953821
1001340047953847
1001340047953854
1001340047953862
1001340047953870
1001340047953888
1001340047953896
1001340047953904
1001340047953920
1001340047953912
1001340047953938
1001340047953953
1001340047953946
1001340047953961
1001340047953987
1001340047953979
1001340047953995
1001340047954001
1001340047954027
1001340047954035
1001340047954043
1001340047954050
1001340047954068
1001340047954076
1001340047954084
1001340047954092
1001340047954100
1001340047954118
1001340047954126
1001340047954134
1001340047954159
1001340047954167
1001340047954175
1001340047954183
1001340047954191
1001340047954209
1001340047954217
1001340047954225
1001340047954233
1001340047954241
1001340047954258
1001340047954266
1001340047954274
1001340047954290
1001340047954282
1001340047954308
1001340047954316
1001340047954324
1001340047954332
1001340047954340
1001340047954357
1001340047954365
1001340047954373
1001340047954381
1001340047954399
1001340047954415
1001340047954423
1001340047954407
1001340047954431
1001340047954449
1001340047954456
1001340047954480
1001340047954498
1001340047954464
1001340047954472
1001340047954506
1001340047954522
1001340047954514
1001340047954530
1001340047954548
1001340047954555
1001340047954571
1001340047954563
1001340047954589
1001340047954605
1001340047954597
1001340047954613
1001340047954639
1001340047954621
1001340047954647
1001340047954654
1001340047954662
1001340047954670
1001340047954696
1001340047954712
1001340047954704
1001340047954720
1001340047954738
1001340047954688
1001340047954746
1001340047954753
1001340047954761
1001340047954779
1001340047954787
1001340047954795
1001340047954829
1001340047954803
1001340047954811
1001340047954852
1001340047954837
1001340047954845
1001340047954860
1001340047954886
1001340047954878
1001340047954902
1001340047954910
1001340047954894
1001340047954928
1001340047954936
1001340047954944
1001340047954969
1001340047954977
1001340047954951
1001340047954985
1001340047955008
1001340047954993
1001340047955016
1001340047955024
1001340047955032
1001340047955040
1001340047955057
1001340047955065
1001340047955073
1001340047955099
1001340047955107
1001340047955081
1001340047955123
1001340047955131
1001340047955115
1001340047955149
1001340047955164
1001340047955156
1001340047955172
1001340047955180
1001340047955198
1001340047955222
1001340047955214
1001340047955206
1001340047955230
1001340047955255
1001340047955248
1001340047955263
1001340047955271
1001340047955289
1001340047955297
1001340047955305
1001340047955313
1001340047955321
1001340047955339
1001340047955354
1001340047955362
1001340047955370
1001340047955388
1001340047955396
1001340047955404
1001340047955412
1001340047955420
1001340047955438
1001340047955446
1001340047955453
1001340047955461
1001340047955479
1001340047955487
1001340047955495
1001340047955503
1001340047955529
1001340047955511
1001340047955552
1001340047955537
1001340047955545
1001340047955560
1001340047955578
1001340047955586
1001340047955602
1001340047955594
1001340047955610
1001340047955628
1001340047955644
1001340047955636
1001340047955651
1001340047955669
1001340047955677
1001340047955693
1001340047955685
1001340047955719
1001340047955727
1001340047955735
1001340047955743
1001340047955750
1001340047955768
1001340047955776
1001340047955784
1001340047955792
1001340047955818
1001340047955800
1001340047955834
1001340047955826
1001340047955842
1001340047955859
1001340047955867
1001340047955875
1001340047955883
1001340047955891
1001340047955917
1001340047955925
1001340047955958
1001340047955941
1001340047955974
1001340047955966
1001340047955990
1001340047956006
1001340047956014
1001340047956022
1001340047956048
1001340047956030
1001340047956055
1001340047956063
1001340047956089
1001340047956097
1001340047956071
1001340047956105
1001340047956121
1001340047956113
1001340047956139
1001340047956147
1001340047956154
1001340047956162
1001340047956170
1001340047956188
1001340047956204
1001340047956196
1001340047956212
1001340047956220
1001340047956238
1001340047956246
1001340047956253
1001340047956261
1001340047956279
1001340047956287
1001340047956303
1001340047956295
1001340047956311
1001340047956329
1001340047956337
1001340047956345
1001340047956352
1001340047956360
1001340047956386
1001340047956378
1001340047956394
1001340047956402
1001340047956410
1001340047956428
1001340047956436
1001340047956444
1001340047956469
1001340047956477
1001340047956501
1001340047956493
1001340047956485
1001340047956519
1001340047956527
1001340047956543
1001340047956535
1001340047956568
1001340047956576
1001340047956592
1001340047956600
1001340047956584
1001340047956618
1001340047956634
1001340047956659
1001340047956642
1001340047956667
1001340047956683
1001340047956675
1001340047956691
1001340047956709
1001340047956725
1001340047956741
1001340047956758
1001340047956766
1001340047956774
1001340047956782
1001340047956808
1001340047956790
1001340047956816
1001340047956832
1001340047956824
1001340047956840
1001340047956865
1001340047956857
1001340047956873
1001340047956899
1001340047956881
1001340047956915
1001340047956907
1001340047956931
1001340047956923
1001340047956949
1001340047956956
1001340047956998
1001340047956980
1001340047957004
1001340047957012
1001340047957020
1001340047957038
1001340047957046
1001340047957053
1001340047957061
1001340047957079
1001340047957087
1001340047957095
1001340047957103
1001340047957111
1001340047957137
1001340047957145
1001340047957129
1001340047957152
1001340047957186
1001340047957194
1001340047957202
1001340047957210
1001340047957228
1001340047957244
1001340047957236
1001340047957269
1001340047957277
1001340047957251
1001340047957285
1001340047957301
1001340047957319
1001340047957327
1001340047957335
1001340047957343
1001340047957350
1001340047957368
1001340047957376
1001340047957384
1001340047957392
1001340047957400
1001340047957426
1001340047957442
1001340047957418
1001340047957434
1001340047957459
1001340047957475
1001340047957491
1001340047957483
1001340047957525
1001340047957509
1001340047957517
1001340047957533
1001340047957541
1001340047957558
1001340047957566
1001340047957574
1001340047957582
1001340047957616
1001340047957590
1001340047957608
1001340047957640
1001340047957624
1001340047957657
1001340047957665
1001340047957673
1001340047957681
1001340047957715
1001340047957699
1001340047957707
1001340047957723
1001340047957749
1001340047957731
1001340047957764
1001340047957772
1001340047957806
1001340047957798
1001340047957822
1001340047957830
1001340047957848
1001340047957855
1001340047957863
1001340047957871
1001340047957897
1001340047957905
1001340047957913
1001340047957921
1001340047957939
1001340047957947
1001340047957954
1001340047957962
1001340047957970
1001340047957988
1001340047958002
1001340047958010
1001340047958028
1001340047958036
1001340047958044
1001340047958051
1001340047958077
1001340047958093
1001340047958085
1001340047958119
1001340047958101
1001340047958127
1001340047958143
1001340047958168
1001340047958150
1001340047958176
1001340047958184
1001340047958200
1001340047958192
1001340047958218
1001340047958226
1001340047958234
1001340047958242
1001340047958259
1001340047958267
1001340047958275
1001340047958283
1001340047958291
1001340047958309
1001340047958317
1001340047958325
1001340047958341
1001340047958333
1001340047958366
1001340047958358
1001340047958374
1001340047958382
1001340047958408
1001340047958390
1001340047958424
1001340047958432
1001340047958465
1001340047958457
1001340047958440
1001340047958473
1001340047958481
1001340047958499
1001340047958507
1001340047958515
1001340047958523
1001340047958531
1001340047958549
1001340047958556
1001340047958580
1001340047958572
1001340047958564
1001340047958606
1001340047958598
1001340047958614
1001340047958622
1001340047958630
1001340047958648
1001340047958671
1001340047958663
1001340047958655
1001340047958689
1001340047958697
1001340047958705
1001340047958713
1001340047958721
1001340047958739
1001340047958747
1001340047958770
1001340047958788
1001340047958796
1001340047958804
1001340047958812
1001340047958820
1001340047958838
1001340047958853
1001340047958861
1001340047958887
1001340047958879
1001340047958895
1001340047958903
1001340047958911
1001340047958929
1001340047958937
1001340047958945
1001340047958952
1001340047958960
1001340047958978
1001340047958994
1001340047958986
1001340047959000
1001340047959018
1001340047959026
1001340047959034
1001340047959059
1001340047959042
1001340047959067
1001340047959075
1001340047959083
1001340047959091
1001340047959109
1001340047959117
1001340047959125
1001340047959141
1001340047959133
1001340047959166
1001340047959174
1001340047959182
1001340047959208
1001340047959216
1001340047959224
1001340047959232
1001340047959240
1001340047959257
1001340047959265
1001340047959273
1001340047959299
1001340047959307
1001340047959315
1001340047959323
1001340047959331
1001340047959349
1001340047959356
1001340047959364
1001340047959380
1001340047959372
1001340047959406
1001340047959414
1001340047959398
1001340047959422
1001340047959430
1001340047959448
1001340047959463
1001340047959455
1001340047959471
1001340047959489
1001340047959521
1001340047959539
1001340047959547
1001340047959554
1001340047959562
1001340047959588
1001340047959570
1001340047959596
1001340047959612
1001340047959620
1001340047959638
1001340047959646
1001340047959653
1001340047959679
1001340047959661
1001340047959687
1001340047959695
1001340047959711
1001340047959703
1001340047959729
1001340047959737
1001340047959745
1001340047959778
1001340047959752
1001340047959786
1001340047959794
1001340047959828
1001340047959802
1001340047959810
1001340047959836
1001340047959844
1001340047959851
1001340047959869
1001340047959877
1001340047959885
1001340047959893
1001340047959901
1001340047959919
1001340047959927
1001340047959943
1001340047959935
1001340047959950
1001340047959968
1001340047959976
1001340047959984
1001340047959992
1001340047960008
1001340047960024
1001340047960016
1001340047960057
1001340047960065
1001340047960040
1001340047960073
1001340047960081
1001340047960107
1001340047960099
1001340047960115
1001340047960131
1001340047960123
1001340047960164
1001340047960172
1001340047960180
1001340047960198
1001340047960206
1001340047960214
1001340047960248
1001340047960230
1001340047960255
1001340047960271
1001340047960263
1001340047960289
1001340047960305
1001340047960297
1001340047960313
1001340047960321
1001340047960339
1001340047960347
1001340047960354
1001340047960362
1001340047960370
1001340047960388
1001340047960404
1001340047960396
1001340047960412
1001340047960438
1001340047960453
1001340047960461
1001340047960446
1001340047960479
1001340047960495
1001340047960487
1001340047960511
1001340047960529
1001340047960537
1001340047960545
1001340047960560
1001340047960552
1001340047960578
1001340047960586
1001340047960602
1001340047960610
1001340047960628
1001340047960636
1001340047960669
1001340047960651
1001340047960677
1001340047960685
1001340047960701
1001340047960719
1001340047960727
1001340047960735
1001340047960743
1001340047960768
1001340047960750
1001340047960776
1001340047960792
1001340047960784
1001340047960800
1001340047960826
1001340047960818
1001340047960842
1001340047960859
1001340047960834
1001340047960875
1001340047960867
1001340047960883
1001340047960891
1001340047960909
1001340047960917
1001340047960925
1001340047960933
1001340047960941
1001340047960958
1001340047960966
1001340047960982
1001340047960974
1001340047960990
1001340047961006
1001340047961014
1001340047961030
1001340047961048
1001340047961071
1001340047961063
1001340047961055
1001340047961089
1001340047961105
1001340047961097
1001340047961113
1001340047961121
1001340047961147
1001340047961154
1001340047961139
1001340047961162
1001340047961188
1001340047961196
1001340047961212
1001340047961204
1001340047961220
1001340047961238
1001340047961253
1001340047961246
1001340047961287
1001340047961279
1001340047961303
1001340047961295
1001340047961311
1001340047961329
1001340047961345
1001340047961337
1001340047961352
1001340047961360
1001340047961394
1001340047961378
1001340047961410
1001340047961402
1001340047961428
1001340047961436
1001340047961451
1001340047961477
1001340047961444
1001340047961469
1001340047961485
1001340047961493
1001340047961501
1001340047961519
1001340047961543
1001340047961535
1001340047961550
1001340047961568
1001340047961592
1001340047961576
1001340047961584
1001340047961618
1001340047961626
1001340047961600
1001340047961642
1001340047961634
1001340047961659
1001340047961667
1001340047961683
1001340047961691
1001340047961709
1001340047961733
1001340047961725
1001340047961741
1001340047961774
1001340047961782
1001340047961808
1001340047961790
1001340047961816
1001340047961824
1001340047961832
1001340047961857
1001340047961865
1001340047961873
1001340047961881
1001340047961899
1001340047961915
1001340047961907
1001340047961923
1001340047961931
1001340047961949
1001340047961956
1001340047961964
1001340047961980
1001340047961972
1001340047961998
1001340047962012
1001340047962020
1001340047962038
1001340047962046
1001340047962053
1001340047962061
1001340047962079
1001340047962095
1001340047962087
1001340047962103
1001340047962111
1001340047962129
1001340047962137
1001340047962145
1001340047962152
1001340047962160
1001340047962194
1001340047962186
1001340047962202
1001340047962210
1001340047962228
1001340047962236
1001340047962251
1001340047962269
1001340047962277
1001340047962285
1001340047962293
1001340047962301
1001340047962319
1001340047962327
1001340047962343
1001340047962368
1001340047962350
1001340047962376
1001340047962384
1001340047962392
1001340047962418
1001340047962400
1001340047962434
1001340047962467
1001340047962442
1001340047962459
1001340047962491
1001340047962475
1001340047962483
1001340047962517
1001340047962509
1001340047962525
1001340047962541
1001340047962533
1001340047962558
1001340047962582
1001340047962616
1001340047962608
1001340047962590
1001340047962624
1001340047962632
1001340047962640
1001340047962665
1001340047962673
1001340047962657
1001340047962681
1001340047962699
1001340047962715
1001340047962707
1001340047962723
1001340047962749
1001340047962731
1001340047962756
1001340047962764
1001340047962780
1001340047962772
1001340047962798
1001340047962814
1001340047962806
1001340047962822
1001340047962848
1001340047962830
1001340047962855
1001340047962871
1001340047962897
1001340047962889
1001340047962905
1001340047962921
1001340047962913
1001340047962939
1001340047962947
1001340047962962
1001340047962954
1001340047962988
1001340047962970
1001340047962996
1001340047963002
1001340047963010
1001340047963028
1001340047963044
1001340047963051
1001340047963069
1001340047963036
1001340047963085
1001340047963101
1001340047963119
1001340047963093
1001340047963143
1001340047963127
1001340047963135
1001340047963150
1001340047963176
1001340047963168
1001340047963184
1001340047963192
1001340047963218
1001340047963200
1001340047963234
1001340047963242
1001340047963226
1001340047963267
1001340047963275
1001340047963259
1001340047963291
1001340047963325
1001340047963333
1001340047963317
1001340047963358
1001340047963366
1001340047963341
1001340047963374
1001340047963382
1001340047963390
1001340047963408
1001340047963416
1001340047963432
1001340047963424
1001340047963440
1001340047963465
1001340047963473
1001340047963457
1001340047963481
1001340047963507
1001340047963499
1001340047963515
1001340047963523
1001340047963531
1001340047963549
1001340047963556
1001340047963572
1001340047963580
1001340047963598
1001340047963606
1001340047963630
1001340047963622
1001340047963614
1001340047963655
1001340047963648
1001340047963663
1001340047963689
1001340047963697
1001340047963671
1001340047963713
1001340047963705
1001340047963739
1001340047963721
1001340047963747
1001340047963754
1001340047963762
1001340047963770
1001340047963788
1001340047963796
1001340047963804
1001340047963812
1001340047963820
1001340047963838
1001340047963853
1001340047963846
1001340047963861
1001340047963879
1001340047963887
1001340047963895
1001340047963903
1001340047963929
1001340047963911
1001340047963937
1001340047963952
1001340047963945
1001340047963986
1001340047963978
1001340047963994
1001340047964000
1001340047964026
1001340047964018
1001340047964034
1001340047964042
1001340047964067
1001340047964075
1001340047964083
1001340047964091
1001340047964109
1001340047964117
1001340047964133
1001340047964141
1001340047964125
1001340047964166
1001340047964174
1001340047964158
1001340047964190
1001340047964208
1001340047964216
1001340047964224
1001340047964232
1001340047964182
1001340047964240
1001340047964265
1001340047964257
1001340047964299
1001340047964281
1001340047964315
1001340047964323
1001340047964331
1001340047964349
1001340047964356
1001340047964372
1001340047964398
1001340047964406
1001340047964414
1001340047964380
1001340047964430
1001340047964422
1001340047964448
1001340047964471
1001340047964489
1001340047964497
1001340047964463
1001340047964455
1001340047964513
1001340047964505
1001340047964539
1001340047964554
1001340047964547
1001340047964521
1001340047964588
1001340047964562
1001340047964596
1001340047964604
1001340047964570
1001340047964612
1001340047964638
1001340047964646
1001340047964653
1001340047964679
1001340047964687
1001340047964661
1001340047964711
1001340047964703
1001340047964695
1001340047964729
1001340047964745
1001340047964752
1001340047964760
1001340047964778
1001340047964786
1001340047964802
1001340047964794
1001340047964810
1001340047964844
1001340047964828
1001340047964836
1001340047964877
1001340047964869
1001340047964885
1001340047964893
1001340047964919
1001340047964927
1001340047964935
1001340047964950
1001340047964943
1001340047964968
1001340047964976
1001340047964984
1001340047964992
1001340047965007
1001340047965015
1001340047965023
1001340047965031
1001340047965049
1001340047965072
1001340047965080
1001340047965098
1001340047965106
1001340047965114
1001340047965122
1001340047965130
1001340047965148
1001340047965155
1001340047965163
1001340047965171
1001340047965189
1001340047965197
1001340047965205
1001340047965213
1001340047965221
1001340047965239
1001340047965247
1001340047965254
1001340047965270
1001340047965262
1001340047965288
1001340047965304
1001340047965312
1001340047965320
1001340047965338
1001340047965353
1001340047965346
1001340047965387
1001340047965361
1001340047965379
1001340047965395
1001340047965429
1001340047965403
1001340047965437
1001340047965452
1001340047965445
1001340047965460
1001340047965478
1001340047965486
1001340047965494
1001340047965528
1001340047965536
1001340047965502
1001340047965544
1001340047965569
1001340047965510
1001340047965551
1001340047965593
1001340047965585
1001340047965577
1001340047965619
1001340047965627
1001340047965601
1001340047965635
1001340047965643
1001340047965650
1001340047965676
1001340047965684
1001340047965692
1001340047965718
1001340047965700
1001340047965726
1001340047965742
1001340047965734
1001340047965759
1001340047965767
1001340047965775
1001340047965783
1001340047965817
1001340047965791
1001340047965825
1001340047965833
1001340047965841
1001340047965858
1001340047965866
1001340047965874
1001340047965882
1001340047965890
1001340047965916
1001340047965908
1001340047965932
1001340047965924
1001340047965940
1001340047965957
1001340047965965
1001340047965981
1001340047965999
1001340047966013
1001340047966039
1001340047966021
1001340047966047
1001340047966054
1001340047966088
1001340047966070
1001340047966096
1001340047966062
1001340047966104
1001340047966112
1001340047966138
1001340047966120
1001340047966161
1001340047966146
1001340047966179
1001340047966153
1001340047966187
1001340047966203
1001340047966211
1001340047966229
1001340047966245
1001340047966260
1001340047966278
1001340047966252
1001340047966294
1001340047966286
1001340047966310
1001340047966336
1001340047966328
1001340047966302
1001340047966344
1001340047966369
1001340047966351
1001340047966377
1001340047966401
1001340047966393
1001340047966385
1001340047966427
1001340047966419
1001340047966435
1001340047966443
1001340047966468
1001340047966476
1001340047966500
1001340047966518
1001340047966526
1001340047966534
1001340047966542
1001340047966559
1001340047966567
1001340047966575
1001340047966583
1001340047966609
1001340047966591
1001340047966617
1001340047966625
1001340047966633
1001340047966658
1001340047966666
1001340047966641
1001340047966674
1001340047966682
1001340047966690
1001340047966708
1001340047966716
1001340047966732
1001340047966740
1001340047966757
1001340047966765
1001340047966773
1001340047966799
1001340047966781
1001340047966815
1001340047966849
1001340047966823
1001340047966856
1001340047966864
1001340047966872
1001340047966880
1001340047966898
1001340047966906
1001340047966914
1001340047966922
1001340047966930
1001340047966948
1001340047966955
1001340047966963
1001340047966971
1001340047966989
1001340047967003
1001340047967011
1001340047967029
1001340047967045
1001340047967037
1001340047967052
1001340047967060
1001340047967078
1001340047967086
1001340047967094
1001340047967102
1001340047967128
1001340047967136
1001340047967110
1001340047967144
1001340047967151
1001340047967177
1001340047967185
1001340047967201
1001340047967193
1001340047967219
1001340047967227
1001340047967235
1001340047967250
1001340047967243
1001340047967268
1001340047967284
1001340047967276
1001340047967300
1001340047967318
1001340047967326
1001340047967292
1001340047967334
1001340047967342
1001340047967359
1001340047967367
1001340047967375
1001340047967383
1001340047967417
1001340047967391
1001340047967409
1001340047967441
1001340047967425
1001340047967433
1001340047967458
1001340047967466
1001340047967482
1001340047967474
1001340047967490
1001340047967508
1001340047967516
1001340047967524
1001340047967532
1001340047967540
1001340047967557
1001340047967565
1001340047967573
1001340047967581
1001340047967607
1001340047967623
1001340047967615
1001340047967631
1001340047967656
1001340047967664
1001340047967649
1001340047967680
1001340047967672
1001340047967698
1001340047967722
1001340047967706
1001340047967748
1001340047967730
1001340047967755
1001340047967763
1001340047967771
1001340047967797
1001340047967789
1001340047967805
1001340047967813
1001340047967821
1001340047967847
1001340047967839
1001340047967854
1001340047967870
1001340047967888
1001340047967896
1001340047967912
1001340047967946
1001340047967920
1001340047967953
1001340047967961
1001340047967979
1001340047967987
1001340047967995
1001340047968019
1001340047968001
1001340047968027
1001340047968035
1001340047968050
1001340047968043
1001340047968068
1001340047968076
1001340047968092
1001340047968084
1001340047968118
1001340047968126
1001340047968134
1001340047968159
1001340047968142
1001340047968167
1001340047968100
1001340047968175
1001340047968191
1001340047968183
1001340047968209
1001340047968217
1001340047968225
1001340047968233
1001340047968258
1001340047968241
1001340047968266
1001340047968282
1001340047968274
1001340047968308
1001340047968324
1001340047968316
1001340047968332
1001340047968340
1001340047968357
1001340047968365
1001340047968399
1001340047968373
1001340047968381
1001340047968415
1001340047968423
1001340047968407
1001340047968449
1001340047968431
1001340047968464
1001340047968456
1001340047968472
1001340047968506
1001340047968498
1001340047968480
1001340047968514
1001340047968530
1001340047968548
1001340047968555
1001340047968522
1001340047968563
1001340047968571
1001340047968589
1001340047968605
1001340047968613
1001340047968597
1001340047968639
1001340047968647
1001340047968654
1001340047968662
1001340047968670
1001340047968688
1001340047968696
1001340047968704
1001340047968712
1001340047968720
1001340047968746
1001340047968738
1001340047968761
1001340047968753
1001340047968779
1001340047968795
1001340047968811
1001340047968837
1001340047968829
1001340047968845
1001340047968852
1001340047968860
1001340047968878
1001340047968894
1001340047968902
1001340047968886
1001340047968928
1001340047968936
1001340047968951
1001340047968944
1001340047968985
1001340047968969
1001340047968977
1001340047968993
1001340047969017
1001340047969009
1001340047969033
1001340047969041
1001340047969066
1001340047969074
1001340047969058
1001340047969090
1001340047969108
1001340047969082
1001340047969116
1001340047969140
1001340047969124
1001340047969132
1001340047969173
1001340047969165
1001340047969157
1001340047969181
1001340047969207
1001340047969199
1001340047969231
1001340047969223
1001340047969249
1001340047969272
1001340047969280
1001340047969298
1001340047969306
1001340047969314
1001340047969322
1001340047969330
1001340047969348
1001340047969355
1001340047969363
1001340047969389
1001340047969371
1001340047969397
1001340047969421
1001340047969405
1001340047969413
1001340047969439
1001340047969447
1001340047969454
1001340047969462
1001340047969470
1001340047969488
1001340047969504
1001340047969512
1001340047969496
1001340047969520
1001340047969538
1001340047969546
1001340047969553
1001340047969561
1001340047969579
1001340047969603
1001340047969595
1001340047969587
1001340047969611
1001340047969645
1001340047969637
1001340047969652
1001340047969660
1001340047969678
1001340047969686
1001340047969694
1001340047969702
1001340047969710
1001340047969728
1001340047969736
1001340047969744
1001340047969751
1001340047969785
1001340047969777
1001340047969769
1001340047969801
1001340047969793
1001340047969819
1001340047969827
1001340047969835
1001340047969843
1001340047969850
1001340047969868
1001340047969876
1001340047969892
1001340047969884
1001340047969900
1001340047969918
1001340047969926
1001340047969934
1001340047969942
1001340047969975
1001340047969983
1001340047969967
1001340047969991
1001340047970007
1001340047970015
1001340047970031
1001340047970023
1001340047970049
1001340047970056
1001340047970072
1001340047970064
1001340047970080
1001340047970098
1001340047970106
1001340047970114
1001340047970130
1001340047970122
1001340047970163
1001340047970148
1001340047970155
1001340047970171
1001340047970197
1001340047970189
1001340047970205
1001340047970213
1001340047970221
1001340047970239
1001340047970254
1001340047970247
1001340047970262
1001340047970270
1001340047970304
1001340047970288
1001340047970320
1001340047970312
1001340047970338
1001340047970346
1001340047970353
1001340047970361
1001340047970379
1001340047970395
1001340047970387
1001340047970411
1001340047970429
1001340047970403
1001340047970445
1001340047970437
1001340047970460
1001340047970452
1001340047970478
1001340047970486
1001340047970502
1001340047970494
1001340047970510
1001340047970536
1001340047970528
1001340047970544
1001340047970551
1001340047970569
1001340047970585
1001340047970593
1001340047970577
1001340047970601
1001340047970619
1001340047970627
1001340047970635
1001340047970643
1001340047970650
1001340047970676
1001340047970668
1001340047970684
1001340047970700
1001340047970692
1001340047970718
1001340047970734
1001340047970726
1001340047970759
1001340047970742
1001340047970767
1001340047970775
1001340047970783
1001340047970809
1001340047970833
1001340047970825
1001340047970841
1001340047970866
1001340047970882
1001340047970874
1001340047970890
1001340047970908
1001340047970916
1001340047970940
1001340047970957
1001340047970981
1001340047970973
1001340047970965
1001340047970999
1001340047971005
1001340047971013
1001340047971021
1001340047971047
1001340047971039
1001340047971062
1001340047971070
1001340047971054
1001340047971088
1001340047971096
1001340047971112
1001340047971104
1001340047971120
1001340047971138
1001340047971146
1001340047971153
1001340047971179
1001340047971161
1001340047971187
1001340047971203
1001340047971211
1001340047971195
1001340047971245
1001340047971229
1001340047971237
1001340047971252
1001340047971286
1001340047971294
1001340047971278
1001340047971310
1001340047971302
1001340047971328
1001340047971336
1001340047971351
1001340047971369
1001340047971377
1001340047971385
1001340047971393
1001340047971401
1001340047971419
1001340047971427
1001340047971435
1001340047971443
1001340047971450
1001340047971468
1001340047971476
1001340047971484
1001340047971492
1001340047971518
1001340047971500
1001340047971526
1001340047971534
1001340047971559
1001340047971567
1001340047971583
1001340047971591
1001340047971609
1001340047971625
1001340047971633
1001340047971641
1001340047971658
1001340047971666
1001340047971690
1001340047971724
1001340047971708
1001340047971716
1001340047971740
1001340047971732
1001340047971757
1001340047971765
1001340047971773
1001340047971781
1001340047971815
1001340047971807
1001340047971831
1001340047971849
1001340047971856
1001340047971864
1001340047971872
1001340047971880
1001340047971898
1001340047971914
1001340047971906
1001340047971922
1001340047971930
1001340047971948
1001340047971963
1001340047971955
1001340047971971
1001340047971989
1001340047971997
1001340047972011
1001340047972003
1001340047972037
1001340047972045
1001340047972052
1001340047972060
1001340047972078
1001340047972094
1001340047972110
1001340047972128
1001340047972102
1001340047972136
1001340047972151
1001340047972169
1001340047972177
1001340047972185
1001340047972193
1001340047972219
1001340047972201
1001340047972227
1001340047972243
1001340047972235
1001340047972250
1001340047972276
1001340047972284
1001340047972268
1001340047972292
1001340047972300
1001340047972318
1001340047972326
1001340047972334
1001340047972342
1001340047972359
1001340047972367
1001340047972375
1001340047972383
1001340047972391
1001340047972425
1001340047972417
1001340047972441
1001340047972433
1001340047972409
1001340047972458
1001340047972474
1001340047972466
1001340047972482
1001340047972490
1001340047972508
1001340047972524
1001340047972516
1001340047972540
1001340047972532
1001340047972557
1001340047972565
1001340047972581
1001340047972599
1001340047972607
1001340047972623
1001340047972631
1001340047972615
1001340047972649
1001340047972656
1001340047972664
1001340047972680
1001340047972672
1001340047972698
1001340047972714
1001340047972706
1001340047972722
1001340047972730
1001340047972748
1001340047972763
1001340047972789
1001340047972797
1001340047972805
1001340047972813
1001340047972821
1001340047972839
1001340047972862
1001340047972854
1001340047972870
1001340047972888
1001340047972896
1001340047972912
1001340047972920
1001340047972904
1001340047972938
1001340047972946
1001340047972961
1001340047972953
1001340047972979
1001340047972987
1001340047972995
1001340047973019
1001340047973027
1001340047973035
1001340047973043
1001340047973068
1001340047973050
1001340047973076
1001340047973092
1001340047973084
1001340047973126
1001340047973118
1001340047973142
1001340047973134
1001340047973159
1001340047973175
1001340047973183
1001340047973167
1001340047973209
1001340047973225
1001340047973191
1001340047973233
1001340047973241
1001340047973258
1001340047973266
1001340047973274
1001340047973282
1001340047973290
1001340047973308
1001340047973316
1001340047973332
1001340047973324
1001340047973357
1001340047973365
1001340047973381
1001340047973415
1001340047973407
1001340047973399
1001340047973423
1001340047973431
1001340047973449
1001340047973472
1001340047973464
1001340047973456
1001340047973498
1001340047973480
1001340047973506
1001340047973514
1001340047973522
1001340047973530
1001340047973548
1001340047973555
1001340047973571
1001340047973589
1001340047973597
1001340047973613
1001340047973605
1001340047973621
1001340047973639
1001340047973647
1001340047973662
1001340047973654
1001340047973670
1001340047973688
1001340047973696
1001340047973704
1001340047973712
1001340047973738
1001340047973746
1001340047973753
1001340047973761
1001340047973779
1001340047973787
1001340047973795
1001340047973803
1001340047973811
1001340047973829
1001340047973837
1001340047973845
1001340047973852
1001340047973860
1001340047973878
1001340047973902
1001340047973886
1001340047973910
1001340047973936
1001340047973928
1001340047973944
1001340047973951
1001340047973969
1001340047973977
1001340047973985
1001340047973993
1001340047974025
1001340047974009
1001340047974017
1001340047974033
1001340047974058
1001340047974041
1001340047974066
1001340047974074
1001340047974082
1001340047974090
1001340047974108
1001340047974124
1001340047974132
1001340047974157
1001340047974140
1001340047974181
1001340047974199
1001340047974173
1001340047974223
1001340047974231
1001340047974249
1001340047974256
1001340047974272
1001340047974280
1001340047974298
1001340047974306
1001340047974264
1001340047974322
1001340047974314
1001340047974330
1001340047974348
1001340047974363
1001340047974397
1001340047974405
1001340047974355
1001340047974371
1001340047974413
1001340047974439
1001340047974447
1001340047974454
1001340047974470
1001340047974462
1001340047974488
1001340047974496
1001340047974504
1001340047974512
1001340047974520
1001340047974538
1001340047974546
1001340047974553
1001340047974561
1001340047974579
1001340047974587
1001340047974595
1001340047974629
1001340047974611
1001340047974603
1001340047974645
1001340047974637
1001340047974652
1001340047974660
1001340047974686
1001340047974678
1001340047974702
1001340047974710
1001340047974744
1001340047974728
1001340047974736
1001340047974751
1001340047974777
1001340047974769
1001340047974793
1001340047974785
1001340047974801
1001340047974819
1001340047974827
1001340047974835
1001340047974843
1001340047974850
1001340047974868
1001340047974876
1001340047974884
1001340047974900
1001340047974918
1001340047974926
1001340047974934
1001340047974942
1001340047974967
1001340047974959
1001340047974975
1001340047974991
1001340047974983
1001340047975006
1001340047975014
1001340047975022
1001340047975048
1001340047975063
1001340047975055
1001340047975030
1001340047975089
1001340047975097
1001340047975105
1001340047975113
1001340047975139
1001340047975121
1001340047975162
1001340047975154
1001340047975147
1001340047975170
1001340047975188
1001340047975204
1001340047975212
1001340047975238
1001340047975220
1001340047975246
1001340047975261
1001340047975253
1001340047975279
1001340047975295
1001340047975287
1001340047975303
1001340047975311
1001340047975329
1001340047975337
1001340047975345
1001340047975352
1001340047975360
1001340047975378
1001340047975386
1001340047975394
1001340047975402
1001340047975428
1001340047975410
1001340047975436
1001340047975444
1001340047975469
1001340047975451
1001340047975477
1001340047975493
1001340047975485
1001340047975501
1001340047975519
1001340047975527
1001340047975535
1001340047975543
1001340047975550
1001340047975568
1001340047975576
1001340047975584
1001340047975600
1001340047975618
1001340047975592
1001340047975634
1001340047975642
1001340047975659
1001340047975675
1001340047975683
1001340047975691
1001340047975717
1001340047975709
1001340047975741
1001340047975733
1001340047975725
1001340047975758
1001340047975774
1001340047975766
1001340047975782
1001340047975790
1001340047975816
1001340047975824
1001340047975832
1001340047975857
1001340047975840
1001340047975865
1001340047975873
1001340047975881
1001340047975899
1001340047975907
1001340047975915
1001340047975931
1001340047975923
1001340047975949
1001340047975956
1001340047975964
1001340047975972
1001340047975980
1001340047975998
1001340047976004
1001340047976020
1001340047976038
1001340047976046
1001340047976053
1001340047976079
1001340047976012
1001340047976087
1001340047976103
1001340047976095
1001340047976129
1001340047976111
1001340047976137
1001340047976152
1001340047976145
1001340047976160
1001340047976178
1001340047976186
1001340047976194
1001340047976202
1001340047976210
1001340047976228
1001340047976236
1001340047976244
1001340047976269
1001340047976277
1001340047976285
1001340047976293
1001340047976301
1001340047976319
1001340047976335
1001340047976327
1001340047976343
1001340047976350
1001340047976376
1001340047976384
1001340047976368
1001340047976392
1001340047976400
1001340047976426
1001340047976442
1001340047976459
1001340047976434
1001340047976467
1001340047976475
1001340047976483
1001340047976491
1001340047976509
1001340047976517
1001340047976525
1001340047976533
1001340047976541
1001340047976566
1001340047976574
1001340047976558
1001340047976582
1001340047976590
1001340047976608
1001340047976616
1001340047976632
1001340047976640
1001340047976665
1001340047976673
1001340047976657
1001340047976681
1001340047976699
1001340047976707
1001340047976715
1001340047976723
1001340047976731
1001340047976756
1001340047976764
1001340047976749
1001340047976772
1001340047976798
1001340047976780
1001340047976806
1001340047976814
1001340047976822
1001340047976830
1001340047976848
1001340047976855
1001340047976863
1001340047976889
1001340047976871
1001340047976905
1001340047976921
1001340047976954
1001340047976962
1001340047976947
1001340047976970
1001340047976988
1001340047976996
1001340047977002
1001340047977028
1001340047977010
1001340047977044
1001340047977051
1001340047977077
1001340047977085
1001340047977069
1001340047977093
1001340047977101
1001340047977127
1001340047977143
1001340047977150
1001340047977135
1001340047977168
1001340047977176
1001340047977184
1001340047977192
1001340047977218
1001340047977226
1001340047977242
1001340047977234
1001340047977267
1001340047977259
1001340047977275
1001340047977291
1001340047977283
1001340047977309
1001340047977317
1001340047977325
1001340047977333
1001340047977341
1001340047977358
1001340047977374
1001340047977366
1001340047977382
1001340047977390
1001340047977408
1001340047977416
1001340047977424
1001340047977432
1001340047977440
1001340047977457
1001340047977465
1001340047977473
1001340047977481
1001340047977499
1001340047977507
1001340047977515
1001340047977523
1001340047977531
1001340047977564
1001340047977556
1001340047977549
1001340047977598
1001340047977580
1001340047977606
1001340047977614
1001340047977630
1001340047977622
1001340047977648
1001340047977663
1001340047977671
1001340047977689
1001340047977705
1001340047977713
1001340047977721
1001340047977739
1001340047977747
1001340047977754
1001340047977762
1001340047977770
1001340047977788
1001340047977804
1001340047977812
1001340047977820
1001340047977838
1001340047977846
1001340047977861
1001340047977853
1001340047977879
1001340047977887
1001340047977895
1001340047977903
1001340047977911
1001340047977929
1001340047977937
1001340047977960
1001340047977945
1001340047977986
1001340047977978
1001340047978000
1001340047977994
1001340047978018
1001340047978034
1001340047978026
1001340047978042
1001340047978067
1001340047978059
1001340047978075
1001340047978083
1001340047978109
1001340047978091
1001340047978117
1001340047978125
1001340047978133
1001340047978141
1001340047978158
1001340047978174
1001340047978166
1001340047978182
1001340047978208
1001340047978190
1001340047978216
1001340047978224
1001340047978240
1001340047978232
1001340047978257
1001340047978265
1001340047978273
1001340047978281
1001340047978299
1001340047978315
1001340047978307
1001340047978331
1001340047978323
1001340047978349
1001340047978356
1001340047978364
1001340047978372
1001340047978380
1001340047978398
1001340047978406
1001340047978422
1001340047978414
1001340047978430
1001340047978448
1001340047978455
1001340047978471
1001340047978463
1001340047978505
1001340047978489
1001340047978497
1001340047978513
1001340047978539
1001340047978562
1001340047978547
1001340047978554
1001340047978570
1001340047978596
1001340047978604
1001340047978588
1001340047978620
1001340047978638
1001340047978612
1001340047978653
1001340047978646
1001340047978661
1001340047978679
1001340047978703
1001340047978711
1001340047978695
1001340047978729
1001340047978737
1001340047978745
1001340047978752
1001340047978760
1001340047978778
1001340047978794
1001340047978810
1001340047978802
1001340047978828
1001340047978836
1001340047978851
1001340047978844
1001340047978869
1001340047978877
1001340047978885
1001340047978893
1001340047978901
1001340047978919
1001340047978927
1001340047978935
1001340047978943
1001340047978950
1001340047978968
1001340047978976
1001340047978984
1001340047978992
1001340047979008
1001340047979016
1001340047979024
1001340047979032
1001340047979040
1001340047979057
1001340047979073
1001340047979065
1001340047979081
1001340047979099
1001340047979107
1001340047979115
1001340047979123
1001340047979131
1001340047979149
1001340047979156
1001340047979164
1001340047979172
1001340047979180
1001340047979198
1001340047979206
1001340047979214
1001340047979222
1001340047979230
1001340047979248
1001340047979255
1001340047979263
1001340047979271
1001340047979289
1001340047979297
1001340047979305
1001340047979321
1001340047979313
1001340047979347
1001340047979339
1001340047979354
1001340047979362
1001340047979370
1001340047979388
1001340047979404
1001340047979396
1001340047979412
1001340047979420
1001340047979438
1001340047979461
1001340047979446
1001340047979453
1001340047979479
1001340047979487
1001340047979495
1001340047979503
1001340047979511
1001340047979529
1001340047979537
1001340047979545
1001340047979552
1001340047979560
1001340047979578
1001340047979586
1001340047979594
1001340047979602
1001340047979610
1001340047979628
1001340047979636
1001340047979644
1001340047979669
1001340047979651
1001340047979677
1001340047979693
1001340047979685
1001340047979719
1001340047979701
1001340047979727
1001340047979743
1001340047979735
1001340047979750
1001340047979768
1001340047979776
1001340047979784
1001340047979800
1001340047979792
1001340047979818
1001340047979826
1001340047979834
1001340047979842
1001340047979859
1001340047979867
1001340047979875
1001340047979883
1001340047979909
1001340047979891
1001340047979925
1001340047979933
1001340047979917
1001340047979966
1001340047979958
1001340047979974
1001340047979941
1001340047979990
1001340047980006
1001340047979982
1001340047980014
1001340047980022
1001340047980030
1001340047980055
1001340047980048
1001340047980063
1001340047980071
1001340047980089
1001340047980105
1001340047980097
1001340047980113
1001340047980139
1001340047980121
1001340047980147
1001340047980162
1001340047980170
1001340047980188
1001340047980196
1001340047980204
1001340047980220
1001340047980212
1001340047980238
1001340047980253
1001340047980246
1001340047980279
1001340047980295
1001340047980303
1001340047980329
1001340047980311
1001340047980337
1001340047980345
1001340047980352
1001340047980360
1001340047980378
1001340047980394
1001340047980402
1001340047980410
1001340047980386
1001340047980428
1001340047980451
1001340047980444
1001340047980485
1001340047980477
1001340047980469
1001340047980501
1001340047980519
1001340047980493
1001340047980535
1001340047980550
1001340047980568
1001340047980584
1001340047980527
1001340047980600
1001340047980576
1001340047980618
1001340047980626
1001340047980634
1001340047980659
1001340047980592
1001340047980675
1001340047980683
1001340047980709
1001340047980691
1001340047980725
1001340047980733
1001340047980758
1001340047980766
1001340047980717
1001340047980741
1001340047980782
1001340047980774
1001340047980790
1001340047980816
1001340047980824
1001340047980840
1001340047980832
1001340047980857
1001340047980865
1001340047980881
1001340047980899
1001340047980915
1001340047980873
1001340047980923
1001340047980931
1001340047980949
1001340047980956
1001340047980964
1001340047980972
1001340047980980
1001340047980998
1001340047981012
1001340047981020
1001340047981038
1001340047981046
1001340047981053
1001340047981061
1001340047981079
1001340047981087
1001340047981095
1001340047981111
1001340047981129
1001340047981145
1001340047981137
1001340047981152
1001340047981160
1001340047981178
1001340047981186
1001340047981194
1001340047981202
1001340047981210
1001340047981228
1001340047981236
1001340047981244
1001340047981251
1001340047981277
1001340047981269
1001340047981293
1001340047981285
1001340047981301
1001340047981319
1001340047981327
1001340047981335
1001340047981343
1001340047981350
1001340047981368
1001340047981384
1001340047981376
1001340047981418
1001340047981400
1001340047981392
1001340047981426
1001340047981434
1001340047981442
1001340047981467
1001340047981459
1001340047981475
1001340047981483
1001340047981491
1001340047981517
1001340047981525
1001340047981533
1001340047981541
1001340047981558
1001340047981566
1001340047981574
1001340047981590
1001340047981608
1001340047981624
1001340047981632
1001340047981640
1001340047981582
1001340047981665
1001340047981681
1001340047981673
1001340047981707
1001340047981699
1001340047981657
1001340047981715
1001340047981723
1001340047981731
1001340047981756
1001340047981764
1001340047981772
1001340047981780
1001340047981798
1001340047981822
1001340047981806
1001340047981814
1001340047981848
1001340047981830
1001340047981855
1001340047981871
1001340047981889
1001340047981897
1001340047981905
1001340047981913
1001340047981921
1001340047981939
1001340047981954
1001340047981962
1001340047981988
1001340047981970
1001340047981996
1001340047982002
1001340047982010
1001340047982028
1001340047982036
1001340047982044
1001340047982051
1001340047982069
1001340047982077
1001340047982085
1001340047982101
1001340047982093
1001340047982135
1001340047982127
1001340047982119
1001340047982143
1001340047982168
1001340047982184
1001340047982150
1001340047982176
1001340047982192
1001340047982200
1001340047982218
1001340047982226
1001340047982242
1001340047982259
1001340047982267
1001340047982283
1001340047982275
1001340047982317
1001340047982291
1001340047982309
1001340047982333
1001340047982325
1001340047982341
1001340047982366
1001340047982374
1001340047982382
1001340047982390
1001340047982408
1001340047982424
1001340047982416
1001340047982432
1001340047982440
1001340047982465
1001340047982457
1001340047982473
1001340047982481
1001340047982507
1001340047982523
1001340047982531
1001340047982549
1001340047982556
1001340047982564
1001340047982580
1001340047982598
1001340047982572
1001340047982614
1001340047982606
1001340047982622
1001340047982630
1001340047982648
1001340047982655
1001340047982663
1001340047982689
1001340047982697
1001340047982705
1001340047982713
1001340047982739
1001340047982721
1001340047982747
1001340047982762
1001340047982770
1001340047982788
1001340047982796
1001340047982804
1001340047982820
1001340047982838
1001340047982812
1001340047982846
1001340047982853
1001340047982879
1001340047982861
1001340047982895
1001340047982903
1001340047982911
1001340047982929
1001340047982937
1001340047982952
1001340047982945
1001340047982960
1001340047982978
1001340047982986
1001340047982994
1001340047983000
1001340047983018
1001340047983026
1001340047983034
1001340047983042
1001340047983059
1001340047983075
1001340047983083
1001340047983091
1001340047983109
1001340047983125
1001340047983117
1001340047983141
1001340047983133
1001340047983166
1001340047983190
1001340047983182
1001340047983208
1001340047983216
1001340047983224
1001340047983257
1001340047983232
1001340047983240
1001340047983265
1001340047983273
1001340047983307
1001340047983281
1001340047983299
1001340047983315
1001340047983331
1001340047983349
1001340047983323
1001340047983364
1001340047983356
1001340047983372
1001340047983380
1001340047983398
1001340047983406
1001340047983414
1001340047983422
1001340047983430
1001340047983448
1001340047983455
1001340047983471
1001340047983463
1001340047983505
1001340047983497
1001340047983489
1001340047983513
1001340047983521
1001340047983539
1001340047983554
1001340047983562
1001340047983588
1001340047983596
1001340047983547
1001340047983570
1001340047983604
1001340047983638
1001340047983646
1001340047983612
1001340047983620
1001340047983687
1001340047983695
1001340047983653
1001340047983703
1001340047983711
1001340047983679
1001340047983729
1001340047983737
1001340047983760
1001340047983745
1001340047983752
1001340047983794
1001340047983802
1001340047983778
1001340047983828
1001340047983810
1001340047983836
1001340047983844
1001340047983851
1001340047983869
1001340047983885
1001340047983877
1001340047983893
1001340047983901
1001340047983919
1001340047983943
1001340047983950
1001340047983968
1001340047983984
1001340047983976
1001340047983992
1001340047984016
1001340047984024
1001340047984040
1001340047984032
1001340047984065
1001340047984057
1001340047984081
1001340047984099
1001340047984107
1001340047984073
1001340047984115
1001340047984131
1001340047984123
1001340047984149
1001340047984156
1001340047984172
1001340047984164
1001340047984206
1001340047984214
1001340047984222
1001340047984230
1001340047984248
1001340047984255
1001340047984271
1001340047984289
1001340047984297
1001340047984313
1001340047984305
1001340047984339
1001340047984347
1001340047984321
1001340047984354
1001340047984370
1001340047984362
1001340047984388
1001340047984396
1001340047984404
1001340047984412
1001340047984420
1001340047984438
1001340047984461
1001340047984453
1001340047984495
1001340047984479
1001340047984487
1001340047984529
1001340047984503
1001340047984511
1001340047984545
1001340047984537
1001340047984552
1001340047984560
1001340047984586
1001340047984578
1001340047984594
1001340047984602
1001340047984628
1001340047984610
1001340047984644
1001340047984651
1001340047984677
1001340047984669
1001340047984685
1001340047984693
1001340047984701
1001340047984719
1001340047984727
1001340047984743
1001340047984750
1001340047984768
1001340047984776
1001340047984784
1001340047984800
1001340047984792
1001340047984818
1001340047984834
1001340047984842
1001340047984859
1001340047984867
1001340047984875
1001340047984883
1001340047984891
1001340047984909
1001340047984917
1001340047984925
1001340047984933
1001340047984958
1001340047984941
1001340047984966
1001340047984974
1001340047984990
1001340047984982
1001340047985005
1001340047985013
1001340047985021
1001340047985039
1001340047985054
1001340047985047
1001340047985062
1001340047985070
1001340047985088
1001340047985096
1001340047985104
1001340047985112
1001340047985120
1001340047985146
1001340047985138
1001340047985153
1001340047985179
1001340047985161
1001340047985187
1001340047985195
1001340047985203
1001340047985211
1001340047985229
1001340047985237
1001340047985245
1001340047985252
1001340047985260
1001340047985278
1001340047985286
1001340047985310
1001340047985328
1001340047985336
1001340047985351
1001340047985344
1001340047985369
1001340047985385
1001340047985377
1001340047985401
1001340047985427
1001340047985419
1001340047985435
1001340047985468
1001340047985450
1001340047985476
1001340047985484
1001340047985492
1001340047985500
1001340047985518
1001340047985534
1001340047985542
1001340047985567
1001340047985559
1001340047985583
1001340047985575
1001340047985591
1001340047985609
1001340047985617
1001340047985633
1001340047985641
1001340047985658
1001340047985666
1001340047985682
1001340047985690
1001340047985708
1001340047985716
1001340047985724
1001340047985732
1001340047985740
1001340047985757
1001340047985765
1001340047985773
1001340047985799
1001340047985781
1001340047985807
1001340047985823
1001340047985831
1001340047985856
1001340047985849
1001340047985864
1001340047985872
1001340047985880
1001340047985898
1001340047985914
1001340047985906
1001340047985948
1001340047985930
1001340047985922
1001340047985971
1001340047985963
1001340047985989
1001340047985997
1001340047986003
1001340047986011
1001340047986037
1001340047986029
1001340047986045
1001340047986052
1001340047986078
1001340047986060
1001340047986086
1001340047986094
1001340047986102
1001340047986128
1001340047986110
1001340047986136
1001340047986144
1001340047986169
1001340047986151
1001340047986177
1001340047986185
1001340047986193
1001340047986201
1001340047986227
1001340047986235
1001340047986243
1001340047986250
1001340047986268
1001340047986276
1001340047986284
1001340047986300
1001340047986292
1001340047986318
1001340047986326
1001340047986334
1001340047986367
1001340047986359
1001340047986342
1001340047986375
1001340047986383
1001340047986409
1001340047986417
1001340047986433
1001340047986425
1001340047986441
1001340047986458
1001340047986466
1001340047986474
1001340047986490
1001340047986482
1001340047986508
1001340047986516
1001340047986532
1001340047986540
1001340047986524
1001340047986573
1001340047986557
1001340047986565
1001340047986599
1001340047986607
1001340047986581
1001340047986623
1001340047986615
1001340047986631
1001340047986656
1001340047986649
1001340047986664
1001340047986672
1001340047986680
1001340047986698
1001340047986714
1001340047986722
1001340047986748
1001340047986755
1001340047986763
1001340047986771
1001340047986789
1001340047986797
1001340047986805
1001340047986813
1001340047986821
1001340047986847
1001340047986862
1001340047986854
1001340047986870
1001340047986896
1001340047986904
1001340047986912
1001340047986938
1001340047986946
1001340047986979
1001340047986961
1001340047986987
1001340047986953
1001340047987001
1001340047986995
1001340047987019
1001340047987035
1001340047987043
1001340047987027
1001340047987076
1001340047987050
1001340047987068
1001340047987084
1001340047987092
1001340047987100
1001340047987118
1001340047987134
1001340047987126
1001340047987159
1001340047987142
1001340047987183
1001340047987175
1001340047987191
1001340047987209
1001340047987217
1001340047987233
1001340047987241
1001340047987225
1001340047987266
1001340047987274
1001340047987282
1001340047987308
1001340047987316
1001340047987324
1001340047987340
1001340047987290
1001340047987357
1001340047987365
1001340047987373
1001340047987332
1001340047987399
1001340047987381
1001340047987407
1001340047987415
1001340047987431
1001340047987423
1001340047987456
1001340047987464
1001340047987449
1001340047987472
1001340047987498
1001340047987480
1001340047987506
1001340047987514
1001340047987522
1001340047987530
1001340047987548
1001340047987563
1001340047987555
1001340047987571
1001340047987589
1001340047987605
1001340047987597
1001340047987621
1001340047987613
1001340047987639
1001340047987647
1001340047987662
1001340047987688
1001340047987696
1001340047987670
1001340047987712
1001340047987704
1001340047987720
1001340047987746
1001340047987738
1001340047987753
1001340047987761
1001340047987779
1001340047987795
1001340047987787
1001340047987803
1001340047987829
1001340047987837
1001340047987845
1001340047987852
1001340047987860
1001340047987878
1001340047987886
1001340047987894
1001340047987902
1001340047987928
1001340047987910
1001340047987936
1001340047987944
1001340047987969
1001340047987985
1001340047987993
1001340047988009
1001340047988017
1001340047988041
1001340047988033
1001340047988025
1001340047988058
1001340047988066
1001340047988074
1001340047988082
1001340047988090
1001340047988108
1001340047988116
1001340047988124
1001340047988132
1001340047988157
1001340047988140
1001340047988165
1001340047988181
1001340047988173
1001340047988207
1001340047988199
1001340047988215
1001340047988223
1001340047988231
1001340047988256
1001340047988264
1001340047988272
1001340047988298
1001340047988280
1001340047988314
1001340047988306
1001340047988322
1001340047988330
1001340047988348
1001340047988363
1001340047988355
1001340047988371
1001340047988389
1001340047988405
1001340047988413
1001340047988397
1001340047988421
1001340047988447
1001340047988439
1001340047988454
1001340047988488
1001340047988470
1001340047988462
1001340047988512
1001340047988504
1001340047988496
1001340047988520
1001340047988538
1001340047988546
1001340047988579
1001340047988553
1001340047988561
1001340047988595
1001340047988587
1001340047988603
1001340047988611
1001340047988629
1001340047988637
1001340047988660
1001340047988645
1001340047988652
1001340047988678
1001340047988686
1001340047988694
1001340047988702
1001340047988710
1001340047988728
1001340047988744
1001340047988736
1001340047988769
1001340047988777
1001340047988785
1001340047988793
1001340047988801
1001340047988819
1001340047988835
1001340047988843
1001340047988850
1001340047988868
1001340047988876
1001340047988884
1001340047988892
1001340047988918
1001340047988900
1001340047988926
1001340047988934
1001340047988942
1001340047988967
1001340047988975
1001340047988983
1001340047988991
1001340047989015
1001340047989031
1001340047989023
1001340047989049
1001340047989056
1001340047989072
1001340047989064
1001340047989080
1001340047989106
1001340047989098
1001340047989114
1001340047989130
1001340047989122
1001340047989148
1001340047989163
1001340047989171
1001340047989189
1001340047989197
1001340047989205
1001340047989213
1001340047989221
1001340047989247
1001340047989254
1001340047989239
1001340047989262
1001340047989270
1001340047989288
1001340047989312
1001340047989304
1001340047989296
1001340047989338
1001340047989320
1001340047989353
1001340047989361
1001340047989379
1001340047989387
1001340047989403
1001340047989411
1001340047989395
1001340047989429
1001340047989445
1001340047989437
1001340047989452
1001340047989460
1001340047989478
1001340047989486
1001340047989494
1001340047989510
1001340047989528
1001340047989536
1001340047989544
1001340047989551
1001340047989577
1001340047989569
1001340047989593
1001340047989601
1001340047989619
1001340047989627
1001340047989635
1001340047989643
1001340047989650
1001340047989668
1001340047989676
1001340047989692
1001340047989684
1001340047989700
1001340047989718
1001340047989726
1001340047989734
1001340047989759
1001340047989767
1001340047989783
1001340047989791
1001340047989775
1001340047989809
1001340047989817
1001340047989825
1001340047989841
1001340047989858
1001340047989866
1001340047989882
1001340047989874
1001340047989916
1001340047989890
1001340047989908
1001340047989924
1001340047989940
1001340047989957
1001340047989932
1001340047989981
1001340047989973
1001340047989999
1001340047990005
1001340047990021
1001340047990013
1001340047990039
1001340047990047
1001340047990054
1001340047990070
1001340047990062
1001340047990088
1001340047990096
1001340047990104
1001340047990112
1001340047990120
1001340047990146
1001340047990153
1001340047990161
1001340047990179
1001340047990187
1001340047990195
1001340047990203
1001340047990211
1001340047990237
1001340047990229
1001340047990245
1001340047990252
1001340047990260
1001340047990286
1001340047990278
1001340047990294
1001340047990302
1001340047990310
1001340047990344
1001340047990336
1001340047990351
1001340047990369
1001340047990377
1001340047990393
1001340047990385
1001340047990401
1001340047990427
1001340047990435
1001340047990443
1001340047990450
1001340047990468
1001340047990484
1001340047990476
1001340047990492
1001340047990500
1001340047990518
1001340047990526
1001340047990534
1001340047990542
1001340047990567
1001340047990559
1001340047990575
1001340047990591
1001340047990617
1001340047990609
1001340047990625
1001340047990633
1001340047990641
1001340047990658
1001340047990666
1001340047990674
1001340047990690
1001340047990682
1001340047990708
1001340047990716
1001340047990724
1001340047990732
1001340047990740
1001340047990773
1001340047990757
1001340047990765
1001340047990799
1001340047990807
1001340047990815
1001340047990823
1001340047990849
1001340047990872
1001340047990856
1001340047990864
1001340047990880
1001340047990898
1001340047990914
1001340047990906
1001340047990922
1001340047990930
1001340047990948
1001340047990963
1001340047990955
1001340047990971
1001340047990989
1001340047991003
1001340047990997
1001340047991011
1001340047991029
1001340047991037
1001340047991052
1001340047991060
1001340047991094
1001340047991102
1001340047991110
1001340047991136
1001340047991128
1001340047991144
1001340047991151
1001340047991169
1001340047991177
1001340047991185
1001340047991193
1001340047991219
1001340047991201
1001340047991227
1001340047991243
1001340047991235
1001340047991250
1001340047991276
1001340047991284
1001340047991268
1001340047991300
1001340047991292
1001340047991318
1001340047991326
1001340047991334
1001340047991342
1001340047991359
1001340047991375
1001340047991367
1001340047991391
1001340047991409
1001340047991417
1001340047991425
1001340047991433
1001340047991441
1001340047991458
1001340047991466
1001340047991474
1001340047991482
1001340047991490
1001340047991508
1001340047991524
1001340047991532
1001340047991516
1001340047991540
1001340047991557
1001340047991565
1001340047991573
1001340047991581
1001340047991599
1001340047991607
1001340047991615
1001340047991631
1001340047991623
1001340047991649
1001340047991656
1001340047991664
1001340047991672
1001340047991698
1001340047991706
1001340047991714
1001340047991722
1001340047991730
1001340047991755
1001340047991763
1001340047991771
1001340047991797
1001340047991789
1001340047991805
1001340047991821
1001340047991839
1001340047991847
1001340047991854
1001340047991862
1001340047991870
1001340047991888
1001340047991896
1001340047991904
1001340047991920
1001340047991912
1001340047991946
1001340047991953
1001340047991979
1001340047991987
1001340047992001
1001340047991995
1001340047992019
1001340047992027
1001340047992035
1001340047992043
1001340047992068
1001340047992076
1001340047992084
1001340047992100
1001340047992118
1001340047992126
1001340047992134
1001340047992142
1001340047992159
1001340047992175
1001340047992167
1001340047992183
1001340047992191
1001340047992217
1001340047992209
1001340047992233
1001340047992241
1001340047992225
1001340047992258
1001340047992266
1001340047992274
1001340047992282
1001340047992290
1001340047992316
1001340047992308
1001340047992357
1001340047992340
1001340047992324
1001340047992365
1001340047992381
1001340047992373
1001340047992399
1001340047992415
1001340047992423
1001340047992431
1001340047992449
1001340047992456
1001340047992464
1001340047992480
1001340047992498
1001340047992506
1001340047992514
1001340047992522
1001340047992555
1001340047992530
1001340047992548
1001340047992563
1001340047992571
1001340047992589
1001340047992605
1001340047992597
1001340047992613
1001340047992621
1001340047992639
1001340047992654
1001340047992647
1001340047992662
1001340047992670
1001340047992688
1001340047992704
1001340047992712
1001340047992720
1001340047992738
1001340047992746
1001340047992753
1001340047992779
1001340047992761
1001340047992787
1001340047992811
1001340047992795
1001340047992829
1001340047992837
1001340047992845
1001340047992852
1001340047992860
1001340047992878
1001340047992886
1001340047992894
1001340047992902
1001340047992910
1001340047992928
1001340047992944
1001340047992936
1001340047992969
1001340047992951
1001340047992977
1001340047993009
1001340047992993
1001340047992985
1001340047993025
1001340047993017
1001340047993033
1001340047993041
1001340047993058
1001340047993066
1001340047993074
1001340047993082
1001340047993090
1001340047993108
1001340047993116
1001340047993132
1001340047993124
1001340047993157
1001340047993140
1001340047993165
1001340047993173
1001340047993199
1001340047993181
1001340047993215
1001340047993207
1001340047993223
1001340047993231
1001340047993249
1001340047993256
1001340047993264
1001340047993272
1001340047993280
1001340047993298
1001340047993306
1001340047993314
1001340047993330
1001340047993322
1001340047993348
1001340047993371
1001340047993355
1001340047993363
1001340047993389
1001340047993397
1001340047993413
1001340047993421
1001340047993405
1001340047993439
1001340047993447
1001340047993454
1001340047993462
1001340047993470
1001340047993488
1001340047993504
1001340047993512
1001340047993538
1001340047993520
1001340047993546
1001340047993553
1001340047993587
1001340047993595
1001340047993603
1001340047993579
1001340047993611
1001340047993629
1001340047993637
1001340047993645
1001340047993652
1001340047993678
1001340047993660
1001340047993686
1001340047993694
1001340047993702
1001340047993710
1001340047993728
1001340047993736
1001340047993769
1001340047993785
1001340047993793
1001340047993777
1001340047993819
1001340047993827
1001340047993801
1001340047993850
1001340047993843
1001340047993835
1001340047993868
1001340047993876
1001340047993884
1001340047993892
1001340047993900
1001340047993918
1001340047993926
1001340047993934
1001340047993942
1001340047993959
1001340047993975
1001340047993967
1001340047993991
1001340047993983
1001340047994007
1001340047994023
1001340047994015
1001340047994031
1001340047994049
1001340047994056
1001340047994064
1001340047994072
1001340047994080
1001340047994106
1001340047994098
1001340047994122
1001340047994114
1001340047994130
1001340047994155
1001340047994163
1001340047994171
1001340047994189
1001340047994197
1001340047994205
1001340047994213
1001340047994221
1001340047994247
1001340047994254
1001340047994262
1001340047994288
1001340047994304
1001340047994296
1001340047994312
1001340047994320
1001340047994338
1001340047994346
1001340047994353
1001340047994379
1001340047994387
1001340047994411
1001340047994429
1001340047994445
1001340047994437
1001340047994452
1001340047994460
1001340047994478
1001340047994494
1001340047994486
1001340047994502
1001340047994510
1001340047994528
1001340047994536
1001340047994544
1001340047994551
1001340047994577
1001340047994569
1001340047994585
1001340047994601
1001340047994619
1001340047994593
1001340047994643
1001340047994635
1001340047994627
1001340047994650
1001340047994668
1001340047994676
1001340047994684
1001340047994692
1001340047994700
1001340047994718
1001340047994742
1001340047994726
1001340047994767
1001340047994759
1001340047994775
1001340047994783
1001340047994791
1001340047994809
1001340047994817
1001340047994833
1001340047994825
1001340047994858
1001340047994866
1001340047994874
1001340047994841
1001340047994908
1001340047994882
1001340047994916
1001340047994924
1001340047994932
1001340047994965
1001340047994957
1001340047994981
1001340047994973
1001340047994999
1001340047995004
1001340047995020
1001340047995012
1001340047995038
1001340047995053
1001340047995046
1001340047995079
1001340047995087
1001340047995095
1001340047995103
1001340047995129
1001340047995111
1001340047995137
1001340047995145
1001340047995152
1001340047995160
1001340047995186
1001340047995178
1001340047995202
1001340047995194
1001340047995236
1001340047995210
1001340047995228
1001340047995244
1001340047995251
1001340047995269
1001340047995285
1001340047995277
1001340047995293
1001340047995319
1001340047995327
1001340047995301
1001340047995350
1001340047995335
1001340047995376
1001340047995368
1001340047995384
1001340047995400
1001340047995418
1001340047995392
1001340047995426
1001340047995434
1001340047995442
1001340047995459
1001340047995467
1001340047995475
1001340047995491
1001340047995509
1001340047995525
1001340047995533
1001340047995541
1001340047995558
1001340047995566
1001340047995574
1001340047995590
1001340047995582
1001340047995608
1001340047995616
1001340047995632
1001340047995624
1001340047995640
1001340047995657
1001340047995665
1001340047995673
1001340047995681
1001340047995707
1001340047995699
1001340047995723
1001340047995731
1001340047995715
1001340047995756
1001340047995764
1001340047995772
1001340047995780
1001340047995798
1001340047995806
1001340047995822
1001340047995830
1001340047995814
1001340047995855
1001340047995848
1001340047995863
1001340047995871
1001340047995889
1001340047995897
1001340047995913
1001340047995939
1001340047995921
1001340047995947
1001340047995954
1001340047995962
1001340047995970
1001340047995996
1001340047995988
1001340047996010
1001340047996002
1001340047996028
1001340047996044
1001340047996051
1001340047996036
1001340047996077
1001340047996093
1001340047996101
1001340047996119
1001340047996127
1001340047996143
1001340047996135
1001340047996176
1001340047996150
1001340047996184
1001340047996192
1001340047996218
1001340047996200
1001340047996226
1001340047996234
1001340047996259
1001340047996242
1001340047996267
1001340047996275
1001340047996283
1001340047996291
1001340047996325
1001340047996317
1001340047996333
1001340047996341
1001340047996358
1001340047996374
1001340047996382
1001340047996366
1001340047996390
1001340047996408
1001340047996424
1001340047996416
1001340047996440
1001340047996457
1001340047996465
1001340047996432
1001340047996499
1001340047996481
1001340047996515
1001340047996523
1001340047996473
1001340047996531
1001340047996549
1001340047996564
1001340047996556
1001340047996572
1001340047996598
1001340047996580
1001340047996606
1001340047996630
1001340047996622
1001340047996663
1001340047996655
1001340047996648
1001340047996697
1001340047996671
1001340047996689
1001340047996713
1001340047996721
1001340047996747
1001340047996739
1001340047996705
1001340047996754
1001340047996770
1001340047996762
1001340047996788
1001340047996796
1001340047996804
1001340047996820
1001340047996812
1001340047996838
1001340047996846
1001340047996853
1001340047996879
1001340047996887
1001340047996861
1001340047996895
1001340047996911
1001340047996903
1001340047996929
1001340047996937
1001340047996945
1001340047996952
1001340047996960
1001340047996978
1001340047996994
1001340047997000
1001340047997018
1001340047997026
1001340047997042
1001340047997034
1001340047997059
1001340047997075
1001340047997083
1001340047997091
1001340047997109
1001340047997117
1001340047997125
1001340047997133
1001340047997141
1001340047997158
1001340047997166
1001340047997174
1001340047997182
1001340047997208
1001340047997190
1001340047997216
1001340047997240
1001340047997232
1001340047997224
1001340047997273
1001340047997281
1001340047997265
1001340047997257
1001340047997299
1001340047997307
1001340047997315
1001340047997323
1001340047997349
1001340047997364
1001340047997356
1001340047997331
1001340047997398
1001340047997380
1001340047997372
1001340047997414
1001340047997422
1001340047997430
1001340047997406
1001340047997448
1001340047997455
1001340047997471
1001340047997489
1001340047997505
1001340047997513
1001340047997463
1001340047997497
1001340047997521
1001340047997547
1001340047997539
1001340047997554
1001340047997562
1001340047997570
1001340047997604
1001340047997596
1001340047997612
1001340047997588
1001340047997620
1001340047997638
1001340047997653
1001340047997646
1001340047997661
1001340047997679
1001340047997695
1001340047997687
1001340047997703
1001340047997729
1001340047997711
1001340047997737
1001340047997745
1001340047997752
1001340047997760
1001340047997786
1001340047997794
1001340047997802
1001340047997810
1001340047997828
1001340047997836
1001340047997844
1001340047997869
1001340047997851
1001340047997877
1001340047997885
1001340047997893
1001340047997901
1001340047997927
1001340047997919
1001340047997935
1001340047997950
1001340047997976
1001340047997984
1001340047997992
1001340047998024
1001340047998016
1001340047998032
1001340047998040
1001340047998065
1001340047998073
1001340047998057
1001340047998081
1001340047998099
1001340047998107
1001340047998115
1001340047998131
1001340047998123
1001340047998149
1001340047998156
1001340047998164
1001340047998172
1001340047998198
1001340047998214
1001340047998206
1001340047998222
1001340047998230
1001340047998255
1001340047998248
1001340047998263
1001340047998271
1001340047998289
1001340047998297
1001340047998305
1001340047998313
1001340047998339
1001340047998321
1001340047998347
1001340047998370
1001340047998362
1001340047998388
1001340047998396
1001340047998404
1001340047998412
1001340047998420
1001340047998438
1001340047998446
1001340047998453
1001340047998461
1001340047998487
1001340047998479
1001340047998495
1001340047998503
1001340047998354
1001340047998529
1001340047998511
1001340047998537
1001340047998545
1001340047998560
1001340047998578
1001340047998586
1001340047998594
1001340047998552
1001340047998602
1001340047998610
1001340047998636
1001340047998628
1001340047998644
1001340047998669
1001340047998677
1001340047998651
1001340047998685
1001340047998701
1001340047998719
1001340047998735
1001340047998743
1001340047998750
1001340047998768
1001340047998776
1001340047998784
1001340047998792
1001340047998800
1001340047998818
1001340047998826
1001340047998834
1001340047998859
1001340047998842
1001340047998867
1001340047998875
1001340047998883
1001340047998891
1001340047998909
1001340047998917
1001340047998925
1001340047998933
1001340047998941
1001340047998958
1001340047998966
1001340047998982
1001340047998974
1001340047998990
1001340047999014
1001340047999006
1001340047999048
1001340047999030
1001340047999055
1001340047999063
1001340047999071
1001340047999089
1001340047999105
1001340047999097
1001340047999113
1001340047999121
1001340047999139
1001340047999147
1001340047999154
1001340047999162
1001340047999188
1001340047999196
1001340047999204
1001340047999220
1001340047999212
1001340047999238
1001340047999253
1001340047999246
1001340047999279
1001340047999287
1001340047999261
1001340047999295
1001340047999303
1001340047999311
1001340047999329
1001340047999345
1001340047999337
1001340047999352
1001340047999394
1001340047999402
1001340047999428
1001340047999410
1001340047999436
1001340047999451
1001340047999469
1001340047999485
1001340047999493
1001340047999501
1001340047999519
1001340047999527
1001340047999535
1001340047999543
1001340047999550
1001340047999568
1001340047999576
1001340047999584
1001340047999600
1001340047999618
1001340047999634
1001340047999642
1001340047999626
1001340047999659
1001340047999667
1001340047999675
1001340047999691
1001340047999683
1001340047999717
1001340047999725
1001340047999741
1001340047999758
1001340047999766
1001340047999774
1001340047999782
1001340047999808
1001340047999790
1001340047999816
1001340047999824
1001340047999832
1001340047999840
1001340047999865
1001340047999873
1001340047999881
1001340047999907
1001340047999899
1001340047999923
1001340047999931
1001340047999915
1001340047999949
1001340047999956
1001340047999972
1001340047999964
1001340047999980
1001340047999998
