1001340044514667
1001340044514675
1001340044514683
1001340044514691
1001340044514717
1001340044514709
1001340044514725
1001340044514733
1001340044514741
1001340044514758
1001340044514766
1001340044514774
1001340044514782
1001340044514790
1001340044514808
1001340044514816
1001340044514832
1001340044514824
1001340044514840
1001340044514857
1001340044514865
1001340044514873
1001340044514881
1001340044514899
1001340044514907
1001340044514923
1001340044514915
1001340044514931
1001340044514956
1001340044514949
1001340044514964
1001340044514980
1001340044514972
1001340044514998
1001340044515011
1001340044515003
1001340044515029
1001340044515045
1001340044515037
1001340044515052
1001340044515060
1001340044515078
1001340044515086
1001340044515094
1001340044515102
1001340044515110
1001340044515136
1001340044515128
1001340044515144
1001340044515151
1001340044515169
1001340044515177
1001340044515193
1001340044515185
1001340044515201
1001340044515227
1001340044515219
1001340044515235
1001340044515250
1001340044515243
1001340044515268
1001340044515276
1001340044515284
1001340044515292
1001340044515300
1001340044515318
1001340044515326
1001340044515334
1001340044515342
1001340044515359
1001340044515367
1001340044515375
1001340044515383
1001340044515391
1001340044515409
1001340044515417
1001340044515425
1001340044515433
1001340044515441
1001340044515458
1001340044515466
1001340044515474
1001340044515482
1001340044515490
1001340044515508
1001340044515516
1001340044515524
1001340044515532
1001340044515540
1001340044515557
1001340044515565
1001340044515573
1001340044515581
1001340044515599
1001340044515607
1001340044515615
1001340044515623
1001340044515631
1001340044515649
1001340044515656
1001340044515664
1001340044515672
1001340044515680
1001340044515698
1001340044515706
1001340044515714
1001340044515722
1001340044515730
1001340044515748
1001340044515755
1001340044515763
1001340044515771
1001340044515789
1001340044515797
1001340044515805
1001340044515813
1001340044515821
1001340044515839
1001340044515847
1001340044515854
1001340044515862
1001340044515870
1001340044515888
1001340044515896
1001340044515904
1001340044515912
1001340044515920
1001340044515938
1001340044515946
1001340044515953
1001340044515961
1001340044515979
1001340044515987
1001340044515995
1001340044516001
1001340044516019
1001340044516027
1001340044516035
1001340044516043
1001340044516050
1001340044516068
1001340044516076
1001340044516084
1001340044516092
1001340044516100
1001340044516118
1001340044516126
1001340044516134
1001340044516142
1001340044516159
1001340044516167
1001340044516175
1001340044516183
1001340044516191
1001340044516209
1001340044516217
1001340044516225
1001340044516233
1001340044516241
1001340044516258
1001340044516266
1001340044516274
1001340044516282
1001340044516290
1001340044516308
1001340044516316
1001340044516324
1001340044516332
1001340044516340
1001340044516357
1001340044516365
1001340044516373
1001340044516381
1001340044516399
1001340044516407
1001340044516415
1001340044516423
1001340044516431
1001340044516449
1001340044516456
1001340044516464
1001340044516472
1001340044516480
1001340044516498
1001340044516506
1001340044516514
1001340044516522
1001340044516530
1001340044516548
1001340044516555
1001340044516563
1001340044516571
1001340044516589
1001340044516597
1001340044516605
1001340044516613
1001340044516621
1001340044516639
1001340044516647
1001340044516654
1001340044516662
1001340044516670
1001340044516688
1001340044516696
1001340044516704
1001340044516712
1001340044516720
1001340044516738
1001340044516746
1001340044516753
1001340044516761
1001340044516779
1001340044516787
1001340044516795
1001340044516803
1001340044516811
1001340044516829
1001340044516837
1001340044516845
1001340044516852
1001340044516860
1001340044516878
1001340044516886
1001340044516894
1001340044516902
1001340044516910
1001340044516928
1001340044516936
1001340044516944
1001340044516951
1001340044516969
1001340044516977
1001340044516985
1001340044516993
1001340044517009
1001340044517017
1001340044517025
1001340044517033
1001340044517041
1001340044517058
1001340044517066
1001340044517074
1001340044517082
1001340044517090
1001340044517108
1001340044517116
1001340044517124
1001340044517132
1001340044517140
1001340044517157
1001340044517165
1001340044517173
1001340044517181
1001340044517199
1001340044517207
1001340044517215
1001340044517223
1001340044517231
1001340044517249
1001340044517256
1001340044517264
1001340044517272
1001340044517280
1001340044517298
1001340044517306
1001340044517314
1001340044517322
1001340044517330
1001340044517348
1001340044517355
1001340044517363
1001340044517371
1001340044517389
1001340044517397
1001340044517405
1001340044517413
1001340044517421
1001340044517439
1001340044517447
1001340044517454
1001340044517462
1001340044517470
1001340044517488
1001340044517496
1001340044517504
1001340044517512
1001340044517520
1001340044517538
1001340044517546
1001340044517553
1001340044517561
1001340044517579
1001340044517587
1001340044517595
1001340044517603
1001340044517611
1001340044517629
1001340044517637
1001340044517645
1001340044517652
1001340044517660
1001340044517678
1001340044517686
1001340044517694
1001340044517702
1001340044517710
1001340044517728
1001340044517736
1001340044517744
1001340044517751
1001340044517769
1001340044517777
1001340044517785
1001340044517793
1001340044517801
1001340044517819
1001340044517827
1001340044517835
1001340044517843
1001340044517850
1001340044517868
1001340044517876
1001340044517884
1001340044517892
1001340044517900
1001340044517918
1001340044517926
1001340044517934
1001340044517942
1001340044517959
1001340044517967
1001340044517975
1001340044517983
1001340044518007
1001340044517991
1001340044518015
1001340044518023
1001340044518031
1001340044518049
1001340044518056
1001340044518064
1001340044518072
1001340044518080
1001340044518098
1001340044518106
1001340044518114
1001340044518122
1001340044518130
1001340044518148
1001340044518155
1001340044518163
1001340044518171
1001340044518189
1001340044518197
1001340044518213
1001340044518205
1001340044518221
1001340044518239
1001340044518247
1001340044518254
1001340044518262
1001340044518270
1001340044518288
1001340044518296
1001340044518304
1001340044518312
1001340044518320
1001340044518338
1001340044518346
1001340044518353
1001340044518361
1001340044518379
1001340044518387
1001340044518395
1001340044518403
1001340044518411
1001340044518429
1001340044518437
1001340044518452
1001340044518445
1001340044518460
1001340044518478
1001340044518486
1001340044518494
1001340044518502
1001340044518510
1001340044518528
1001340044518544
1001340044518536
1001340044518551
1001340044518569
1001340044518577
1001340044518585
1001340044518601
1001340044518593
1001340044518619
1001340044518627
1001340044518635
1001340044518643
1001340044518668
1001340044518650
1001340044518676
1001340044518684
1001340044518692
1001340044518700
1001340044518718
1001340044518726
1001340044518734
1001340044518742
1001340044518759
1001340044518767
1001340044518783
1001340044518775
1001340044518791
1001340044518809
1001340044518817
1001340044518825
1001340044518833
1001340044518841
1001340044518858
1001340044518866
1001340044518874
1001340044518882
1001340044518890
1001340044518908
1001340044518916
1001340044518924
1001340044518932
1001340044518940
1001340044518957
1001340044518965
1001340044518973
1001340044518981
1001340044518999
1001340044519005
1001340044519021
1001340044519013
1001340044519039
1001340044519047
1001340044519054
1001340044519062
1001340044519070
1001340044519088
1001340044519096
1001340044519104
1001340044519112
1001340044519120
1001340044519138
1001340044519146
1001340044519153
1001340044519161
1001340044519179
1001340044519187
1001340044519195
1001340044519203
1001340044519211
1001340044519229
1001340044519237
1001340044519245
1001340044519252
1001340044519260
1001340044519278
1001340044519286
1001340044519294
1001340044519302
1001340044519310
1001340044519328
1001340044519336
1001340044519344
1001340044519351
1001340044519369
1001340044519377
1001340044519385
1001340044519393
1001340044519401
1001340044519419
1001340044519427
1001340044519443
1001340044519435
1001340044519450
1001340044519468
1001340044519476
1001340044519484
1001340044519492
1001340044519500
1001340044519518
1001340044519526
1001340044519534
1001340044519542
1001340044519559
1001340044519567
1001340044519575
1001340044519591
1001340044519583
1001340044519609
1001340044519617
1001340044519625
1001340044519633
1001340044519641
1001340044519658
1001340044519666
1001340044519674
1001340044519682
1001340044519690
1001340044519708
1001340044519716
1001340044519724
1001340044519740
1001340044519732
1001340044519757
1001340044519765
1001340044519773
1001340044519781
1001340044519799
1001340044519807
1001340044519815
1001340044519823
1001340044519831
1001340044519849
1001340044519856
1001340044519864
1001340044519872
1001340044519880
1001340044519898
1001340044519906
1001340044519914
1001340044519922
1001340044519930
1001340044519948
1001340044519955
1001340044519963
1001340044519971
1001340044519989
1001340044519997
1001340044520003
1001340044520011
1001340044520029
1001340044520037
1001340044520045
1001340044520052
1001340044520060
1001340044520078
1001340044520086
1001340044520094
1001340044520102
1001340044520110
1001340044520128
1001340044520136
1001340044520144
1001340044520151
1001340044520169
1001340044520177
1001340044520185
1001340044520193
1001340044520201
1001340044520219
1001340044520227
1001340044520235
1001340044520243
1001340044520250
1001340044520268
1001340044520284
1001340044520276
1001340044520292
1001340044520300
1001340044520318
1001340044520326
1001340044520334
1001340044520342
1001340044520359
1001340044520367
1001340044520375
1001340044520383
1001340044520409
1001340044520391
1001340044520417
1001340044520425
1001340044520433
1001340044520441
1001340044520458
1001340044520466
1001340044520474
1001340044520482
1001340044520490
1001340044520508
1001340044520516
1001340044520524
1001340044520532
1001340044520540
1001340044520557
1001340044520565
1001340044520573
1001340044520581
1001340044520599
1001340044520607
1001340044520615
1001340044520623
1001340044520631
1001340044520649
1001340044520656
1001340044520664
1001340044520672
1001340044520680
1001340044520698
1001340044520706
1001340044520714
1001340044520722
1001340044520730
1001340044520748
1001340044520755
1001340044520763
1001340044520771
1001340044520789
1001340044520797
1001340044520805
1001340044520813
1001340044520821
1001340044520839
1001340044520847
1001340044520854
1001340044520862
1001340044520888
1001340044520870
1001340044520896
1001340044520912
1001340044520904
1001340044520920
1001340044520938
1001340044520946
1001340044520953
1001340044520979
1001340044520961
1001340044520987
1001340044521001
1001340044520995
1001340044521019
1001340044521027
1001340044521035
1001340044521043
1001340044521050
1001340044521068
1001340044521076
1001340044521084
1001340044521092
1001340044521100
1001340044521118
1001340044521126
1001340044521134
1001340044521142
1001340044521159
1001340044521167
1001340044521175
1001340044521183
1001340044521191
1001340044521209
1001340044521217
1001340044521225
1001340044521233
1001340044521241
1001340044521258
1001340044521266
1001340044521274
1001340044521282
1001340044521290
1001340044521308
1001340044521316
1001340044521324
1001340044521332
1001340044521340
1001340044521357
1001340044521365
1001340044521373
1001340044521381
1001340044521399
1001340044521407
1001340044521415
1001340044521423
1001340044521431
1001340044521449
1001340044521456
1001340044521464
1001340044521472
1001340044521480
1001340044521498
1001340044521506
1001340044521514
1001340044521522
1001340044521530
1001340044521548
1001340044521555
1001340044521563
1001340044521571
1001340044521589
1001340044521597
1001340044521605
1001340044521613
1001340044521621
1001340044521639
1001340044521647
1001340044521654
1001340044521662
1001340044521670
1001340044521688
1001340044521696
1001340044521704
1001340044521712
1001340044521720
1001340044521738
1001340044521746
1001340044521753
1001340044521761
1001340044521779
1001340044521787
1001340044521795
1001340044521803
1001340044521811
1001340044521829
1001340044521837
1001340044521845
1001340044521852
1001340044521860
1001340044521878
1001340044521886
1001340044521894
1001340044521902
1001340044521910
1001340044521928
1001340044521936
1001340044521944
1001340044521951
1001340044521969
1001340044521977
1001340044521985
1001340044521993
1001340044522009
1001340044522017
1001340044522025
1001340044522033
1001340044522041
1001340044522058
1001340044522066
1001340044522074
1001340044522082
1001340044522090
1001340044522108
1001340044522116
1001340044522124
1001340044522132
1001340044522140
1001340044522157
1001340044522165
1001340044522173
1001340044522181
1001340044522199
1001340044522207
1001340044522215
1001340044522223
1001340044522231
1001340044522249
1001340044522256
1001340044522264
1001340044522272
1001340044522280
1001340044522298
1001340044522306
1001340044522314
1001340044522322
1001340044522330
1001340044522348
1001340044522355
1001340044522363
1001340044522371
1001340044522389
1001340044522397
1001340044522405
1001340044522413
1001340044522421
1001340044522439
1001340044522447
1001340044522454
1001340044522462
1001340044522470
1001340044522488
1001340044522496
1001340044522504
1001340044522512
1001340044522520
1001340044522538
1001340044522546
1001340044522553
1001340044522561
1001340044522579
1001340044522587
1001340044522595
1001340044522603
1001340044522611
1001340044522629
1001340044522637
1001340044522645
1001340044522652
1001340044522660
1001340044522678
1001340044522686
1001340044522694
1001340044522702
1001340044522710
1001340044522728
1001340044522736
1001340044522744
1001340044522751
1001340044522769
1001340044522777
1001340044522785
1001340044522793
1001340044522801
1001340044522819
1001340044522827
1001340044522835
1001340044522843
1001340044522850
1001340044522868
1001340044522876
1001340044522884
1001340044522892
1001340044522900
1001340044522918
1001340044522926
1001340044522934
1001340044522942
1001340044522959
1001340044522967
1001340044522975
1001340044522983
1001340044522991
1001340044523007
1001340044523015
1001340044523023
1001340044523031
1001340044523049
1001340044523056
1001340044523064
1001340044523072
1001340044523080
1001340044523098
1001340044523106
1001340044523114
1001340044523122
1001340044523130
1001340044523148
1001340044523155
1001340044523163
1001340044523171
1001340044523189
1001340044523197
1001340044523205
1001340044523213
1001340044523221
1001340044523239
1001340044523247
1001340044523254
1001340044523262
1001340044523270
1001340044523288
1001340044523296
1001340044523304
1001340044523320
1001340044523312
1001340044523338
1001340044523346
1001340044523353
1001340044523361
1001340044523379
1001340044523387
1001340044523395
1001340044523403
1001340044523411
1001340044523429
1001340044523437
1001340044523445
1001340044523452
1001340044523478
1001340044523460
1001340044523486
1001340044523502
1001340044523494
1001340044523510
1001340044523536
1001340044523528
1001340044523544
1001340044523569
1001340044523551
1001340044523577
1001340044523585
1001340044523593
1001340044523601
1001340044523627
1001340044523619
1001340044523635
1001340044523643
1001340044523650
1001340044523668
1001340044523676
1001340044523684
1001340044523692
1001340044523718
1001340044523700
1001340044523726
1001340044523742
1001340044523734
1001340044523759
1001340044523767
1001340044523775
1001340044523783
1001340044523791
1001340044523809
1001340044523817
1001340044523825
1001340044523833
1001340044523841
1001340044523858
1001340044523866
1001340044523874
1001340044523882
1001340044523890
1001340044523908
1001340044523916
1001340044523924
1001340044523932
1001340044523940
1001340044523957
1001340044523965
1001340044523973
1001340044523981
1001340044523999
1001340044524005
1001340044524013
1001340044524021
1001340044524039
1001340044524047
1001340044524054
1001340044524062
1001340044524070
1001340044524088
1001340044524096
1001340044524104
1001340044524112
1001340044524120
1001340044524138
1001340044524146
1001340044524153
1001340044524161
1001340044524179
1001340044524187
1001340044524195
1001340044524203
1001340044524211
1001340044524229
1001340044524237
1001340044524245
1001340044524252
1001340044524260
1001340044524278
1001340044524286
1001340044524294
1001340044524302
1001340044524310
1001340044524328
1001340044524336
1001340044524344
1001340044524351
1001340044524369
1001340044524377
1001340044524385
1001340044524393
1001340044524401
1001340044524419
1001340044524427
1001340044524435
1001340044524443
1001340044524450
1001340044524468
1001340044524476
1001340044524484
1001340044524492
1001340044524500
1001340044524518
1001340044524526
1001340044524534
1001340044524542
1001340044524559
1001340044524567
1001340044524575
1001340044524583
1001340044524591
1001340044524609
1001340044524617
1001340044524625
1001340044524633
1001340044524641
1001340044524658
1001340044524666
1001340044524674
1001340044524682
1001340044524690
1001340044524708
1001340044524716
1001340044524724
1001340044524732
1001340044524740
1001340044524765
1001340044524757
1001340044524773
1001340044524799
1001340044524781
1001340044524807
1001340044524823
1001340044524815
1001340044524831
1001340044524849
1001340044524856
1001340044524864
1001340044524872
1001340044524880
1001340044524898
1001340044524914
1001340044524906
1001340044524922
1001340044524930
1001340044524948
1001340044524955
1001340044524963
1001340044524971
1001340044524989
1001340044524997
1001340044525002
1001340044525010
1001340044525036
1001340044525028
1001340044525044
1001340044525069
1001340044525051
1001340044525077
1001340044525085
1001340044525093
1001340044525101
1001340044525119
1001340044525127
1001340044525135
1001340044525143
1001340044525150
1001340044525168
1001340044525176
1001340044525184
1001340044525192
1001340044525200
1001340044525218
1001340044525226
1001340044525234
1001340044525242
1001340044525259
1001340044525267
1001340044525275
1001340044525283
1001340044525291
1001340044525309
1001340044525317
1001340044525325
1001340044525333
1001340044525341
1001340044525366
1001340044525358
1001340044525374
1001340044525382
1001340044525390
1001340044525408
1001340044525416
1001340044525424
1001340044525457
1001340044525440
1001340044525465
1001340044525481
1001340044525473
1001340044525499
1001340044525507
1001340044525515
1001340044525523
1001340044525531
1001340044525549
1001340044525556
1001340044525564
1001340044525572
1001340044525580
1001340044525606
1001340044525598
1001340044525614
1001340044525630
1001340044525622
1001340044525648
1001340044525655
1001340044525663
1001340044525671
1001340044525689
1001340044525697
1001340044525705
1001340044525721
1001340044525713
1001340044525739
1001340044525754
1001340044525747
1001340044525762
1001340044525770
1001340044525788
1001340044525796
1001340044525804
1001340044525812
1001340044525820
1001340044525846
1001340044525838
1001340044525853
1001340044525861
1001340044525879
1001340044525887
1001340044525903
1001340044525895
1001340044525911
1001340044525937
1001340044525929
1001340044525945
1001340044525960
1001340044525952
1001340044525978
1001340044525986
1001340044525994
1001340044526000
1001340044526018
1001340044526026
1001340044526034
1001340044526042
1001340044526059
1001340044526067
1001340044526083
1001340044526075
1001340044526091
1001340044526109
1001340044526117
1001340044526125
1001340044526133
1001340044526141
1001340044526158
1001340044526166
1001340044526174
1001340044526182
1001340044526190
1001340044526208
1001340044526216
1001340044526224
1001340044526232
1001340044526240
1001340044526257
1001340044526265
1001340044526273
1001340044526281
1001340044526299
1001340044526307
1001340044526315
1001340044526323
1001340044526331
1001340044526349
1001340044526356
1001340044526364
1001340044526372
1001340044526380
1001340044526398
1001340044526406
1001340044526414
1001340044526422
1001340044526430
1001340044526448
1001340044526455
1001340044526463
1001340044526471
1001340044526489
1001340044526497
1001340044526505
1001340044526513
1001340044526521
1001340044526539
1001340044526547
1001340044526554
1001340044526562
1001340044526570
1001340044526588
1001340044526596
1001340044526604
1001340044526612
1001340044526620
1001340044526638
1001340044526646
1001340044526653
1001340044526661
1001340044526679
1001340044526687
1001340044526703
1001340044526695
1001340044526711
1001340044526729
1001340044526737
1001340044526745
1001340044526760
1001340044526752
1001340044526778
1001340044526786
1001340044526794
1001340044526802
1001340044526836
1001340044526828
1001340044526810
1001340044526869
1001340044526851
1001340044526844
1001340044526877
1001340044526893
1001340044526885
1001340044526919
1001340044526901
1001340044526927
1001340044526935
1001340044526943
1001340044526950
1001340044526976
1001340044526968
1001340044526984
1001340044527008
1001340044527016
1001340044526992
1001340044527024
1001340044527040
1001340044527032
1001340044527073
1001340044527065
1001340044527057
1001340044527099
1001340044527107
1001340044527081
1001340044527115
1001340044527131
1001340044527123
1001340044527149
1001340044527164
1001340044527156
1001340044527172
1001340044527198
1001340044527180
1001340044527206
1001340044527222
1001340044527214
1001340044527230
1001340044527248
1001340044527255
1001340044527271
1001340044527263
1001340044527289
1001340044527305
1001340044527297
1001340044527313
1001340044527339
1001340044527347
1001340044527321
1001340044527354
1001340044527362
1001340044527370
1001340044527396
1001340044527388
1001340044527404
1001340044527420
1001340044527412
1001340044527438
1001340044527446
1001340044527461
1001340044527453
1001340044527479
1001340044527495
1001340044527487
1001340044527503
1001340044527511
1001340044527529
1001340044527537
1001340044527545
1001340044527552
1001340044527560
1001340044527578
1001340044527586
1001340044527594
1001340044527602
1001340044527610
1001340044527628
1001340044527636
1001340044527644
1001340044527651
1001340044527677
1001340044527669
1001340044527685
1001340044527693
1001340044527701
1001340044527719
1001340044527727
1001340044527735
1001340044527750
1001340044527768
1001340044527743
1001340044527776
1001340044527792
1001340044527784
1001340044527826
1001340044527818
1001340044527800
1001340044527834
1001340044527842
1001340044527859
1001340044527867
1001340044527875
1001340044527883
1001340044527891
1001340044527917
1001340044527909
1001340044527925
1001340044527933
1001340044527941
1001340044527958
1001340044527966
1001340044527974
1001340044527982
1001340044527990
1001340044528006
1001340044528014
1001340044528022
1001340044528030
1001340044528048
1001340044528055
1001340044528063
1001340044528071
1001340044528089
1001340044528097
1001340044528105
1001340044528113
1001340044528121
1001340044528139
1001340044528147
1001340044528154
1001340044528162
1001340044528170
1001340044528188
1001340044528204
1001340044528196
1001340044528212
1001340044528220
1001340044528238
1001340044528246
1001340044528253
1001340044528261
1001340044528279
1001340044528295
1001340044528287
1001340044528303
1001340044528311
1001340044528329
1001340044528337
1001340044528345
1001340044528352
1001340044528360
1001340044528378
1001340044528386
1001340044528394
1001340044528402
1001340044528410
1001340044528428
1001340044528444
1001340044528436
1001340044528451
1001340044528469
1001340044528485
1001340044528477
1001340044528493
1001340044528501
1001340044528519
1001340044528527
1001340044528535
1001340044528543
1001340044528568
1001340044528550
1001340044528576
1001340044528592
1001340044528584
1001340044528600
1001340044528618
1001340044528626
1001340044528634
1001340044528642
1001340044528659
1001340044528667
1001340044528683
1001340044528675
1001340044528691
1001340044528709
1001340044528717
1001340044528725
1001340044528733
1001340044528741
1001340044528758
1001340044528766
1001340044528774
1001340044528782
1001340044528808
1001340044528790
1001340044528816
1001340044528824
1001340044528832
1001340044528840
1001340044528857
1001340044528873
1001340044528865
1001340044528881
1001340044528907
1001340044528899
1001340044528915
1001340044528923
1001340044528931
1001340044528949
1001340044528964
1001340044528956
1001340044528972
1001340044528980
1001340044528998
1001340044529004
1001340044529012
1001340044529020
1001340044529038
1001340044529046
1001340044529053
1001340044529061
1001340044529079
1001340044529087
1001340044529095
1001340044529103
1001340044529111
1001340044529129
1001340044529137
1001340044529145
1001340044529152
1001340044529160
1001340044529178
1001340044529186
1001340044529194
1001340044529202
1001340044529210
1001340044529228
1001340044529236
1001340044529244
1001340044529251
1001340044529269
1001340044529277
1001340044529285
1001340044529293
1001340044529301
1001340044529327
1001340044529319
1001340044529335
1001340044529350
1001340044529343
1001340044529368
1001340044529376
1001340044529384
1001340044529392
1001340044529418
1001340044529400
1001340044529426
1001340044529442
1001340044529434
1001340044529459
1001340044529467
1001340044529475
1001340044529483
1001340044529491
1001340044529509
1001340044529517
1001340044529525
1001340044529533
1001340044529541
1001340044529558
1001340044529566
1001340044529574
1001340044529582
1001340044529590
1001340044529608
1001340044529616
1001340044529624
1001340044529632
1001340044529640
1001340044529657
1001340044529665
1001340044529673
1001340044529681
1001340044529699
1001340044529707
1001340044529715
1001340044529723
1001340044529731
1001340044529749
1001340044529756
1001340044529764
1001340044529772
1001340044529780
1001340044529798
1001340044529806
1001340044529814
1001340044529822
1001340044529830
1001340044529848
1001340044529855
1001340044529863
1001340044529871
1001340044529889
1001340044529897
1001340044529905
1001340044529913
1001340044529921
1001340044529939
1001340044529947
1001340044529954
1001340044529962
1001340044529970
1001340044529988
1001340044530002
1001340044529996
1001340044530010
1001340044530028
1001340044530036
1001340044530044
1001340044530051
1001340044530069
1001340044530077
1001340044530085
1001340044530093
1001340044530101
1001340044530119
1001340044530127
1001340044530135
1001340044530143
1001340044530150
1001340044530168
1001340044530176
1001340044530184
1001340044530192
1001340044530200
1001340044530218
1001340044530226
1001340044530234
1001340044530259
1001340044530242
1001340044530267
1001340044530275
1001340044530283
1001340044530291
1001340044530309
1001340044530317
1001340044530333
1001340044530325
1001340044530341
1001340044530358
1001340044530366
1001340044530374
1001340044530390
1001340044530382
1001340044530408
1001340044530424
1001340044530416
1001340044530432
1001340044530457
1001340044530440
1001340044530465
1001340044530473
1001340044530481
1001340044530499
1001340044530507
1001340044530515
1001340044530523
1001340044530531
1001340044530549
1001340044530556
1001340044530564
1001340044530572
1001340044530580
1001340044530598
1001340044530606
1001340044530614
1001340044530622
1001340044530630
1001340044530648
1001340044530655
1001340044530663
1001340044530671
1001340044530689
1001340044530697
1001340044530705
1001340044530713
1001340044530721
1001340044530739
1001340044530747
1001340044530754
1001340044530762
1001340044530788
1001340044530770
1001340044530796
1001340044530804
1001340044530812
1001340044530820
1001340044530838
1001340044530846
1001340044530853
1001340044530861
1001340044530879
1001340044530887
1001340044530895
1001340044530903
1001340044530911
1001340044530929
1001340044530937
1001340044530945
1001340044530952
1001340044530960
1001340044530978
1001340044530986
1001340044530994
1001340044531000
1001340044531018
1001340044531026
1001340044531034
1001340044531042
1001340044531059
1001340044531067
1001340044531075
1001340044531083
1001340044531091
1001340044531109
1001340044531117
1001340044531125
1001340044531133
1001340044531141
1001340044531158
1001340044531166
1001340044531174
1001340044531182
1001340044531190
1001340044531216
1001340044531208
1001340044531240
1001340044531232
1001340044531224
1001340044531265
1001340044531273
1001340044531257
1001340044531307
1001340044531281
1001340044531299
1001340044531331
1001340044531323
1001340044531315
1001340044531356
1001340044531364
1001340044531349
1001340044531380
1001340044531398
1001340044531372
1001340044531406
1001340044531414
1001340044531422
1001340044531430
1001340044531448
1001340044531455
1001340044531463
1001340044531471
1001340044531489
1001340044531497
1001340044531505
1001340044531513
1001340044531521
1001340044531539
1001340044531547
1001340044531554
1001340044531562
1001340044531570
1001340044531588
1001340044531596
1001340044531604
1001340044531612
1001340044531620
1001340044531638
1001340044531646
1001340044531653
1001340044531661
1001340044531679
1001340044531687
1001340044531695
1001340044531703
1001340044531711
1001340044531729
1001340044531737
1001340044531745
1001340044531752
1001340044531760
1001340044531778
1001340044531786
1001340044531794
1001340044531802
1001340044531810
1001340044531828
1001340044531844
1001340044531836
1001340044531851
1001340044531869
1001340044531877
1001340044531885
1001340044531893
1001340044531901
1001340044531919
1001340044531927
1001340044531935
1001340044531943
1001340044531950
1001340044531968
1001340044531976
1001340044531984
1001340044531992
1001340044532008
1001340044532016
1001340044532024
1001340044532032
1001340044532040
1001340044532057
1001340044532065
1001340044532073
1001340044532081
1001340044532099
1001340044532107
1001340044532115
1001340044532123
1001340044532131
1001340044532149
1001340044532156
1001340044532164
1001340044532172
1001340044532180
1001340044532198
1001340044532206
1001340044532214
1001340044532222
1001340044532230
1001340044532248
1001340044532255
1001340044532263
1001340044532271
1001340044532289
1001340044532297
1001340044532305
1001340044532313
1001340044532321
1001340044532339
1001340044532347
1001340044532354
1001340044532370
1001340044532362
1001340044532388
1001340044532396
1001340044532404
1001340044532412
1001340044532420
1001340044532438
1001340044532446
1001340044532461
1001340044532453
1001340044532479
1001340044532487
1001340044532495
1001340044532503
1001340044532511
1001340044532529
1001340044532537
1001340044532545
1001340044532552
1001340044532560
1001340044532578
1001340044532586
1001340044532594
1001340044532602
1001340044532610
1001340044532628
1001340044532636
1001340044532644
1001340044532651
1001340044532669
1001340044532677
1001340044532685
1001340044532693
1001340044532701
1001340044532719
1001340044532727
1001340044532735
1001340044532743
1001340044532750
1001340044532768
1001340044532776
1001340044532784
1001340044532792
1001340044532800
1001340044532818
1001340044532834
1001340044532826
1001340044532842
1001340044532867
1001340044532859
1001340044532875
1001340044532883
1001340044532891
1001340044532909
1001340044532917
1001340044532925
1001340044532933
1001340044532958
1001340044532941
1001340044532966
1001340044532974
1001340044532982
1001340044532990
1001340044533006
1001340044533014
1001340044533022
1001340044533030
1001340044533048
1001340044533055
1001340044533063
1001340044533071
1001340044533089
1001340044533105
1001340044533097
1001340044533113
1001340044533121
1001340044533139
1001340044533147
1001340044533154
1001340044533162
1001340044533170
1001340044533196
1001340044533188
1001340044533204
1001340044533212
1001340044533220
1001340044533238
1001340044533246
1001340044533253
1001340044533261
1001340044533279
1001340044533287
1001340044533295
1001340044533303
1001340044533311
1001340044533329
1001340044533337
1001340044533345
1001340044533352
1001340044533360
1001340044533378
1001340044533386
1001340044533394
1001340044533402
1001340044533410
1001340044533428
1001340044533436
1001340044533444
1001340044533451
1001340044533469
1001340044533485
1001340044533477
1001340044533493
1001340044533519
1001340044533501
1001340044533527
1001340044533543
1001340044533535
1001340044533550
1001340044533568
1001340044533576
1001340044533584
1001340044533592
1001340044533600
1001340044533618
1001340044533626
1001340044533634
1001340044533642
1001340044533667
1001340044533659
1001340044533675
1001340044533683
1001340044533691
1001340044533709
1001340044533717
1001340044533725
1001340044533733
1001340044533741
1001340044533758
1001340044533766
1001340044533782
1001340044533774
1001340044533790
1001340044533816
1001340044533808
1001340044533824
1001340044533832
1001340044533840
1001340044533857
1001340044533865
1001340044533881
1001340044533873
1001340044533899
1001340044533907
1001340044533915
1001340044533923
1001340044533949
1001340044533931
1001340044533956
1001340044533964
1001340044533972
1001340044533980
1001340044533998
1001340044534004
1001340044534012
1001340044534020
1001340044534038
1001340044534046
1001340044534053
1001340044534061
1001340044534079
1001340044534087
1001340044534095
1001340044534103
1001340044534111
1001340044534129
1001340044534137
1001340044534152
1001340044534145
1001340044534160
1001340044534186
1001340044534178
1001340044534194
1001340044534202
1001340044534210
1001340044534228
1001340044534236
1001340044534244
1001340044534251
1001340044534269
1001340044534277
1001340044534285
1001340044534293
1001340044534301
1001340044534319
1001340044534327
1001340044534335
1001340044534343
1001340044534350
1001340044534368
1001340044534376
1001340044534384
1001340044534392
1001340044534400
1001340044534418
1001340044534426
1001340044534434
1001340044534442
1001340044534459
1001340044534467
1001340044534475
1001340044534483
1001340044534491
1001340044534509
1001340044534517
1001340044534525
1001340044534533
1001340044534541
1001340044534558
1001340044534566
1001340044534574
1001340044534590
1001340044534582
1001340044534608
1001340044534616
1001340044534624
1001340044534632
1001340044534640
1001340044534657
1001340044534665
1001340044534673
1001340044534681
1001340044534699
1001340044534715
1001340044534723
1001340044534707
1001340044534731
1001340044534749
1001340044534756
1001340044534764
1001340044534772
1001340044534780
1001340044534806
1001340044534798
1001340044534814
1001340044534830
1001340044534822
1001340044534848
1001340044534855
1001340044534863
1001340044534871
1001340044534889
1001340044534897
1001340044534905
1001340044534913
1001340044534921
1001340044534939
1001340044534947
1001340044534954
1001340044534962
1001340044534970
1001340044534988
1001340044534996
1001340044535001
1001340044535019
1001340044535027
1001340044535035
1001340044535043
1001340044535050
1001340044535068
1001340044535076
1001340044535084
1001340044535092
1001340044535100
1001340044535118
1001340044535126
1001340044535134
1001340044535142
1001340044535159
1001340044535167
1001340044535175
1001340044535183
1001340044535191
1001340044535209
1001340044535217
1001340044535225
1001340044535233
1001340044535241
1001340044535258
1001340044535266
1001340044535274
1001340044535282
1001340044535290
1001340044535308
1001340044535316
1001340044535324
1001340044535332
1001340044535340
1001340044535357
1001340044535365
1001340044535373
1001340044535381
1001340044535399
1001340044535407
1001340044535415
1001340044535423
1001340044535431
1001340044535449
1001340044535456
1001340044535464
1001340044535472
1001340044535480
1001340044535498
1001340044535506
1001340044535514
1001340044535522
1001340044535530
1001340044535548
1001340044535555
1001340044535563
1001340044535571
1001340044535589
1001340044535597
1001340044535605
1001340044535613
1001340044535621
1001340044535639
1001340044535647
1001340044535654
1001340044535662
1001340044535670
1001340044535688
1001340044535696
1001340044535704
1001340044535712
1001340044535720
1001340044535738
1001340044535746
1001340044535753
1001340044535761
1001340044535779
1001340044535787
1001340044535795
1001340044535803
1001340044535811
1001340044535829
1001340044535837
1001340044535845
1001340044535852
1001340044535860
1001340044535878
1001340044535886
1001340044535894
1001340044535902
1001340044535910
1001340044535928
1001340044535936
1001340044535944
1001340044535951
1001340044535969
1001340044535977
1001340044535985
1001340044535993
1001340044536009
1001340044536017
1001340044536025
1001340044536033
1001340044536041
1001340044536058
1001340044536066
1001340044536074
1001340044536082
1001340044536090
1001340044536108
1001340044536116
1001340044536124
1001340044536132
1001340044536140
1001340044536157
1001340044536173
1001340044536199
1001340044536207
1001340044536215
1001340044536223
1001340044536231
1001340044536249
1001340044536256
1001340044536264
1001340044536272
1001340044536280
1001340044536298
1001340044536306
1001340044536314
1001340044536322
1001340044536330
1001340044536348
1001340044536355
1001340044536363
1001340044536371
1001340044536389
1001340044536397
1001340044536405
1001340044536413
1001340044536421
1001340044536439
1001340044536447
1001340044536454
1001340044536462
1001340044536470
1001340044536488
1001340044536496
1001340044536504
1001340044536512
1001340044536520
1001340044536538
1001340044536546
1001340044536553
1001340044536561
1001340044536579
1001340044536587
1001340044536595
1001340044536603
1001340044536611
1001340044536629
1001340044536637
1001340044536645
1001340044536652
1001340044536660
1001340044536678
1001340044536686
1001340044536694
1001340044536702
1001340044536710
1001340044536728
1001340044536736
1001340044536744
1001340044536751
1001340044536769
1001340044536777
1001340044536785
1001340044536793
1001340044536801
1001340044536819
1001340044536827
1001340044536835
1001340044536843
1001340044536850
1001340044536868
1001340044536876
1001340044536884
1001340044536892
1001340044536900
1001340044536918
1001340044536926
1001340044536934
1001340044536942
1001340044536959
1001340044536967
1001340044536975
1001340044536983
1001340044536991
1001340044537007
1001340044537015
1001340044537023
1001340044537031
1001340044537049
1001340044537056
1001340044537064
1001340044537072
1001340044537080
1001340044537098
1001340044537106
1001340044537114
1001340044537122
1001340044537130
1001340044537148
1001340044537155
1001340044537163
1001340044537171
1001340044537189
1001340044537197
1001340044537205
1001340044537213
1001340044537221
1001340044537239
1001340044537247
1001340044537254
1001340044537262
1001340044537270
1001340044537288
1001340044537296
1001340044537304
1001340044537312
1001340044537320
1001340044537338
1001340044537346
1001340044537353
1001340044537361
1001340044537379
1001340044537387
1001340044537395
1001340044537403
1001340044537411
1001340044537429
1001340044537437
1001340044537445
1001340044537452
1001340044537460
1001340044537478
1001340044537486
1001340044537494
1001340044537502
1001340044537510
1001340044537528
1001340044537536
1001340044537544
1001340044537551
1001340044537569
1001340044537577
1001340044537585
1001340044537593
1001340044537601
1001340044537619
1001340044537627
1001340044537635
1001340044537643
1001340044537650
1001340044537668
1001340044537676
1001340044537684
1001340044537692
1001340044537700
1001340044537718
1001340044537726
1001340044537734
1001340044537742
1001340044537759
1001340044537767
1001340044537775
1001340044537783
1001340044537791
1001340044537809
1001340044537817
1001340044537825
1001340044537833
1001340044537841
1001340044537858
1001340044537866
1001340044537874
1001340044537882
1001340044537890
1001340044537908
1001340044537916
1001340044537924
1001340044537932
1001340044537940
1001340044537957
1001340044537965
1001340044537973
1001340044537981
1001340044537999
1001340044538005
1001340044538013
1001340044538021
1001340044538039
1001340044538047
1001340044538054
1001340044538062
1001340044538070
1001340044538088
1001340044538096
1001340044538104
1001340044538112
1001340044538120
1001340044538146
1001340044538138
1001340044538153
1001340044538179
1001340044538161
1001340044538187
1001340044538195
1001340044538203
1001340044538211
1001340044538229
1001340044538237
1001340044538245
1001340044538260
1001340044538252
1001340044538278
1001340044538286
1001340044538294
1001340044538302
1001340044538310
1001340044538328
1001340044538336
1001340044538344
1001340044538351
1001340044538369
1001340044538377
1001340044538385
1001340044538393
1001340044538401
1001340044538419
1001340044538427
1001340044538435
1001340044538443
1001340044538450
1001340044538468
1001340044538476
1001340044538484
1001340044538492
1001340044538500
1001340044538518
1001340044538526
1001340044538534
1001340044538542
1001340044538559
1001340044538567
1001340044538575
1001340044538583
1001340044538591
1001340044538609
1001340044538617
1001340044538625
1001340044538633
1001340044538641
1001340044538658
1001340044538666
1001340044538674
1001340044538682
1001340044538690
1001340044538708
1001340044538716
1001340044538724
1001340044538740
1001340044538732
1001340044538757
1001340044538765
1001340044538773
1001340044538781
1001340044538799
1001340044538807
1001340044538815
1001340044538823
1001340044538831
1001340044538849
1001340044538856
1001340044538864
1001340044538872
1001340044538880
1001340044538898
1001340044538906
1001340044538922
1001340044538914
1001340044538930
1001340044538948
1001340044538955
1001340044538963
1001340044538971
1001340044538989
1001340044538997
1001340044539003
1001340044539011
1001340044539029
1001340044539037
1001340044539045
1001340044539052
1001340044539078
1001340044539060
1001340044539086
1001340044539102
1001340044539094
1001340044539110
1001340044539128
1001340044539136
1001340044539144
1001340044539169
1001340044539151
1001340044539177
1001340044539185
1001340044539193
1001340044539201
1001340044539219
1001340044539227
1001340044539235
1001340044539243
1001340044539250
1001340044539268
1001340044539276
1001340044539284
1001340044539292
1001340044539300
1001340044539318
1001340044539326
1001340044539334
1001340044539342
1001340044539359
1001340044539367
1001340044539375
1001340044539383
1001340044539391
1001340044539409
1001340044539417
1001340044539425
1001340044539433
1001340044539441
1001340044539458
1001340044539466
1001340044539474
1001340044539482
1001340044539490
1001340044539508
1001340044539516
1001340044539524
1001340044539532
1001340044539540
1001340044539557
1001340044539565
1001340044539573
1001340044539581
1001340044539599
1001340044539607
1001340044539615
1001340044539623
1001340044539631
1001340044539649
1001340044539656
1001340044539664
1001340044539672
1001340044539680
1001340044539698
1001340044539706
1001340044539714
1001340044539730
1001340044539722
1001340044539748
1001340044539755
1001340044539763
1001340044539771
1001340044539789
1001340044539797
1001340044539805
1001340044539813
1001340044539821
1001340044539839
1001340044539854
1001340044539847
1001340044539862
1001340044539870
1001340044539888
1001340044539896
1001340044539904
1001340044539912
1001340044539920
1001340044539946
1001340044539938
1001340044539953
1001340044539979
1001340044539961
1001340044539987
1001340044540001
1001340044539995
1001340044540019
1001340044540035
1001340044540027
1001340044540043
1001340044540050
1001340044540068
1001340044540076
1001340044540084
1001340044540092
1001340044540100
1001340044540118
1001340044540126
1001340044540134
1001340044540159
1001340044540142
1001340044540167
1001340044540183
1001340044540175
1001340044540191
1001340044540209
1001340044540217
1001340044540225
1001340044540241
1001340044540233
1001340044540258
1001340044540266
1001340044540274
1001340044540282
1001340044540290
1001340044540308
1001340044540316
1001340044540324
1001340044540332
1001340044540340
1001340044540357
1001340044540365
1001340044540373
1001340044540381
1001340044540399
1001340044540407
1001340044540415
1001340044540423
1001340044540431
1001340044540449
1001340044540456
1001340044540464
1001340044540472
1001340044540480
1001340044540498
1001340044540506
1001340044540514
1001340044540522
1001340044540530
1001340044540548
1001340044540555
1001340044540563
1001340044540571
1001340044540589
1001340044540597
1001340044540605
1001340044540613
1001340044540621
1001340044540639
1001340044540647
1001340044540654
1001340044540662
1001340044540670
1001340044540688
1001340044540696
1001340044540704
1001340044540712
1001340044540720
1001340044540738
1001340044540746
1001340044540753
1001340044540761
1001340044540779
1001340044540787
1001340044540795
1001340044540803
1001340044540811
1001340044540829
1001340044540837
1001340044540845
1001340044540852
1001340044540860
1001340044540878
1001340044540886
1001340044540894
1001340044540902
1001340044540910
1001340044540936
1001340044540928
1001340044540944
1001340044540951
1001340044540969
1001340044540977
1001340044540993
1001340044540985
1001340044541009
1001340044541017
1001340044541025
1001340044541033
1001340044541041
1001340044541058
1001340044541066
1001340044541074
1001340044541082
1001340044541090
1001340044541108
1001340044541116
1001340044541124
1001340044541132
1001340044541140
1001340044541157
1001340044541165
1001340044541173
1001340044541181
1001340044541199
1001340044541207
1001340044541215
1001340044541223
1001340044541231
1001340044541249
1001340044541256
1001340044541264
1001340044541272
1001340044541280
1001340044541298
1001340044541306
1001340044541314
1001340044541322
1001340044541330
1001340044541348
1001340044541355
1001340044541363
1001340044541371
1001340044541389
1001340044541397
1001340044541405
1001340044541413
1001340044541421
1001340044541439
1001340044541447
1001340044541454
1001340044541462
1001340044541470
1001340044541488
1001340044541496
1001340044541504
1001340044541512
1001340044541520
1001340044541538
1001340044541546
1001340044541553
1001340044541561
1001340044541579
1001340044541587
1001340044541595
1001340044541603
1001340044541611
1001340044541629
1001340044541645
1001340044541652
1001340044541637
1001340044541660
1001340044541678
1001340044541686
1001340044541702
1001340044541694
1001340044541710
1001340044541736
1001340044541744
1001340044541728
1001340044541777
1001340044541769
1001340044541751
1001340044541793
1001340044541801
1001340044541785
1001340044541819
1001340044541827
1001340044541835
1001340044541843
1001340044541850
1001340044541868
1001340044541876
1001340044541892
1001340044541884
1001340044541900
1001340044541926
1001340044541918
1001340044541934
1001340044541942
1001340044541959
1001340044541967
1001340044541983
1001340044541975
1001340044541991
1001340044542007
1001340044542015
1001340044542023
1001340044542049
1001340044542031
1001340044542056
1001340044542064
1001340044542072
1001340044542080
1001340044542106
1001340044542098
1001340044542114
1001340044542122
1001340044542130
1001340044542148
1001340044542155
1001340044542163
1001340044542171
1001340044542189
1001340044542197
1001340044542205
1001340044542213
1001340044542221
1001340044542239
1001340044542254
1001340044542247
1001340044542270
1001340044542288
1001340044542262
1001340044542304
1001340044542296
1001340044542312
1001340044542320
1001340044542346
1001340044542338
1001340044542353
1001340044542379
1001340044542361
1001340044542395
1001340044542387
1001340044542403
1001340044542411
1001340044542429
1001340044542437
1001340044542445
1001340044542452
1001340044542460
1001340044542494
1001340044542478
1001340044542486
1001340044542510
1001340044542528
1001340044542502
1001340044542536
1001340044542544
1001340044542551
1001340044542577
1001340044542569
1001340044542585
1001340044542601
1001340044542593
1001340044542619
1001340044542627
1001340044542643
1001340044542635
1001340044542676
1001340044542668
1001340044542650
1001340044542692
1001340044542700
1001340044542684
1001340044542718
1001340044542726
1001340044542734
1001340044542742
1001340044542759
1001340044542767
1001340044542783
1001340044542791
1001340044542775
1001340044542809
1001340044542817
1001340044542825
1001340044542833
1001340044542858
1001340044542841
1001340044542866
1001340044542882
1001340044542874
1001340044542890
1001340044542908
1001340044542916
1001340044542932
1001340044542924
1001340044542940
1001340044542957
1001340044542973
1001340044542965
1001340044542981
1001340044543005
1001340044542999
1001340044543013
1001340044543021
1001340044543039
1001340044543047
1001340044543054
1001340044543062
1001340044543070
1001340044543088
1001340044543096
1001340044543104
1001340044543112
1001340044543120
1001340044543138
1001340044543153
1001340044543146
1001340044543161
1001340044543179
1001340044543187
1001340044543195
1001340044543203
1001340044543211
1001340044543229
1001340044543237
1001340044543245
1001340044543252
1001340044543260
1001340044543278
1001340044543286
1001340044543294
1001340044543302
1001340044543310
1001340044543328
1001340044543336
1001340044543344
1001340044543351
1001340044543369
1001340044543377
1001340044543385
1001340044543393
1001340044543401
1001340044543419
1001340044543427
1001340044543443
1001340044543450
1001340044543435
1001340044543468
1001340044543484
1001340044543476
1001340044543492
1001340044543500
1001340044543518
1001340044543526
1001340044543534
1001340044543542
1001340044543559
1001340044543575
1001340044543567
1001340044543583
1001340044543609
1001340044543591
1001340044543617
1001340044543625
1001340044543633
1001340044543641
1001340044543658
1001340044543666
1001340044543682
1001340044543674
1001340044543690
1001340044543708
1001340044543724
1001340044543716
1001340044543740
1001340044543732
1001340044543757
1001340044543773
1001340044543765
1001340044543781
1001340044543799
1001340044543807
1001340044543815
1001340044543823
1001340044543849
1001340044543831
1001340044543856
1001340044543864
1001340044543872
1001340044543880
1001340044543898
1001340044543906
1001340044543914
1001340044543922
1001340044543930
1001340044543948
1001340044543955
1001340044543963
1001340044543971
1001340044543989
1001340044543997
1001340044544003
1001340044544011
1001340044544029
1001340044544037
1001340044544045
1001340044544052
1001340044544060
1001340044544078
1001340044544086
1001340044544094
1001340044544102
1001340044544110
1001340044544128
1001340044544136
1001340044544144
1001340044544151
1001340044544169
1001340044544177
1001340044544185
1001340044544193
1001340044544201
1001340044544219
1001340044544227
1001340044544235
1001340044544243
1001340044544250
1001340044544268
1001340044544276
1001340044544284
1001340044544292
1001340044544300
1001340044544318
1001340044544326
1001340044544334
1001340044544342
1001340044544359
1001340044544367
1001340044544375
1001340044544383
1001340044544391
1001340044544409
1001340044544417
1001340044544433
1001340044544425
1001340044544441
1001340044544458
1001340044544466
1001340044544474
1001340044544482
1001340044544490
1001340044544508
1001340044544516
1001340044544532
1001340044544524
1001340044544540
1001340044544557
1001340044544565
1001340044544573
1001340044544581
1001340044544599
1001340044544615
1001340044544607
1001340044544623
1001340044544656
1001340044544649
1001340044544631
1001340044544664
1001340044544680
1001340044544672
1001340044544714
1001340044544706
1001340044544698
1001340044544722
1001340044544730
1001340044544748
1001340044544763
1001340044544755
1001340044544771
1001340044544789
1001340044544805
1001340044544797
1001340044544813
1001340044544821
1001340044544839
1001340044544847
1001340044544854
1001340044544862
1001340044544870
1001340044544888
1001340044544896
1001340044544904
1001340044544912
1001340044544920
1001340044544938
1001340044544946
1001340044544953
1001340044544961
1001340044544979
1001340044544987
1001340044544995
1001340044545000
1001340044545018
1001340044545026
1001340044545034
1001340044545042
1001340044545059
1001340044545067
1001340044545075
1001340044545083
1001340044545091
1001340044545109
1001340044545117
1001340044545125
1001340044545133
1001340044545166
1001340044545141
1001340044545158
1001340044545190
1001340044545174
1001340044545182
1001340044545208
1001340044545224
1001340044545216
1001340044545240
1001340044545257
1001340044545232
1001340044545281
1001340044545265
1001340044545273
1001340044545315
1001340044545307
1001340044545299
1001340044545331
1001340044545323
1001340044545349
1001340044545364
1001340044545356
1001340044545372
1001340044545380
1001340044545398
1001340044545406
1001340044545414
1001340044545430
1001340044545422
1001340044545448
1001340044545455
1001340044545463
1001340044545471
1001340044545497
1001340044545489
1001340044545505
1001340044545513
1001340044545521
1001340044545539
1001340044545547
1001340044545554
1001340044545562
1001340044545570
1001340044545588
1001340044545596
1001340044545604
1001340044545612
1001340044545620
1001340044545638
1001340044545646
1001340044545653
1001340044545661
1001340044545679
1001340044545687
1001340044545695
1001340044545703
1001340044545711
1001340044545729
1001340044545737
1001340044545745
1001340044545752
1001340044545760
1001340044545778
1001340044545786
1001340044545794
1001340044545802
1001340044545810
1001340044545828
1001340044545836
1001340044545844
1001340044545851
1001340044545869
1001340044545877
1001340044545885
1001340044545893
1001340044545919
1001340044545901
1001340044545927
1001340044545943
1001340044545935
1001340044545950
1001340044545968
1001340044545976
1001340044545984
1001340044545992
1001340044546008
1001340044546016
1001340044546024
1001340044546032
1001340044546040
1001340044546065
1001340044546057
1001340044546073
1001340044546081
1001340044546099
1001340044546107
1001340044546115
1001340044546123
1001340044546131
1001340044546149
1001340044546156
1001340044546164
1001340044546172
1001340044546180
1001340044546198
1001340044546206
1001340044546214
1001340044546222
1001340044546230
1001340044546248
1001340044546263
1001340044546271
1001340044546255
1001340044546289
1001340044546297
1001340044546305
1001340044546313
1001340044546321
1001340044546339
1001340044546347
1001340044546354
1001340044546362
1001340044546370
1001340044546388
1001340044546396
1001340044546404
1001340044546412
1001340044546420
1001340044546438
1001340044546453
1001340044546446
1001340044546461
1001340044546487
1001340044546479
1001340044546495
1001340044546511
1001340044546503
1001340044546537
1001340044546529
1001340044546545
1001340044546552
1001340044546578
1001340044546560
1001340044546594
1001340044546602
1001340044546586
1001340044546610
1001340044546628
1001340044546636
1001340044546644
1001340044546651
1001340044546669
1001340044546677
1001340044546693
1001340044546685
1001340044546701
1001340044546719
1001340044546727
1001340044546735
1001340044546743
1001340044546750
1001340044546776
1001340044546768
1001340044546784
1001340044546792
1001340044546800
1001340044546818
1001340044546826
1001340044546834
1001340044546842
1001340044546859
1001340044546867
1001340044546891
1001340044546909
1001340044546917
1001340044546925
1001340044546933
1001340044546941
1001340044546958
1001340044546966
1001340044546974
1001340044546982
1001340044546990
1001340044547006
1001340044547014
1001340044547022
1001340044547030
1001340044547048
1001340044547063
1001340044547055
1001340044547071
1001340044547097
1001340044547089
1001340044547105
1001340044547121
1001340044547113
1001340044547139
1001340044547147
1001340044547154
1001340044547162
1001340044547170
1001340044547188
1001340044547196
1001340044547204
1001340044547212
1001340044547220
1001340044547238
1001340044547246
1001340044547253
1001340044547261
1001340044547279
1001340044547287
1001340044547295
1001340044547303
1001340044547311
1001340044547329
1001340044547337
1001340044547345
1001340044547352
1001340044547360
1001340044547378
1001340044547386
1001340044547394
1001340044547402
1001340044547410
1001340044547428
1001340044547436
1001340044547444
1001340044547451
1001340044547469
1001340044547477
1001340044547485
1001340044547493
1001340044547501
1001340044547519
1001340044547527
1001340044547535
1001340044547543
1001340044547550
1001340044547568
1001340044547576
1001340044547584
1001340044547592
1001340044547600
1001340044547618
1001340044547626
1001340044547634
1001340044547642
1001340044547659
1001340044547667
1001340044547675
1001340044547683
1001340044547691
1001340044547709
1001340044547717
1001340044547725
1001340044547733
1001340044547741
1001340044547758
1001340044547766
1001340044547774
1001340044547782
1001340044547790
1001340044547808
1001340044547816
1001340044547824
1001340044547832
1001340044547840
1001340044547857
1001340044547865
1001340044547873
1001340044547881
1001340044547899
1001340044547907
1001340044547915
1001340044547923
1001340044547931
1001340044547949
1001340044547956
1001340044547964
1001340044547972
1001340044547980
1001340044547998
1001340044548004
1001340044548012
1001340044548020
1001340044548038
1001340044548046
1001340044548053
1001340044548061
1001340044548079
1001340044548087
1001340044548095
1001340044548103
1001340044548111
1001340044548129
1001340044548137
1001340044548145
1001340044548152
1001340044548160
1001340044548178
1001340044548186
1001340044548194
1001340044548202
1001340044548210
1001340044548228
1001340044548236
1001340044548244
1001340044548251
1001340044548269
1001340044548277
1001340044548285
1001340044548293
1001340044548301
1001340044548319
1001340044548327
1001340044548335
1001340044548343
1001340044548350
1001340044548368
1001340044548376
1001340044548384
1001340044548392
1001340044548400
1001340044548418
1001340044548426
1001340044548434
1001340044548442
1001340044548459
1001340044548467
1001340044548475
1001340044548483
1001340044548491
1001340044548509
1001340044548517
1001340044548525
1001340044548533
1001340044548541
1001340044548558
1001340044548566
1001340044548574
1001340044548582
1001340044548590
1001340044548608
1001340044548616
1001340044548624
1001340044548632
1001340044548640
1001340044548657
1001340044548665
1001340044548673
1001340044548681
1001340044548699
1001340044548707
1001340044548715
1001340044548723
1001340044548731
1001340044548749
1001340044548756
1001340044548764
1001340044548772
1001340044548780
1001340044548798
1001340044548806
1001340044548814
1001340044548822
1001340044548830
1001340044548848
1001340044548855
1001340044548863
1001340044548871
1001340044548889
1001340044548897
1001340044548905
1001340044548913
1001340044548921
1001340044548939
1001340044548947
1001340044548954
1001340044548962
1001340044548970
1001340044548988
1001340044548996
1001340044549002
1001340044549010
1001340044549028
1001340044549036
1001340044549044
1001340044549051
1001340044549069
1001340044549077
1001340044549085
1001340044549093
1001340044549101
1001340044549119
1001340044549127
1001340044549135
1001340044549143
1001340044549150
1001340044549168
1001340044549176
1001340044549184
1001340044549192
1001340044549200
1001340044549218
1001340044549226
1001340044549234
1001340044549242
1001340044549259
1001340044549267
1001340044549275
1001340044549283
1001340044549291
1001340044549309
1001340044549317
1001340044549325
1001340044549333
1001340044549341
1001340044549358
1001340044549366
1001340044549374
1001340044549382
1001340044549390
1001340044549408
1001340044549416
1001340044549424
1001340044549432
1001340044549440
1001340044549457
1001340044549465
1001340044549473
1001340044549481
1001340044549499
1001340044549507
1001340044549515
1001340044549523
1001340044549531
1001340044549549
1001340044549556
1001340044549564
1001340044549572
1001340044549580
1001340044549598
1001340044549606
1001340044549614
1001340044549622
1001340044549630
1001340044549648
1001340044549655
1001340044549663
1001340044549671
1001340044549689
1001340044549697
1001340044549705
1001340044549713
1001340044549721
1001340044549739
1001340044549747
1001340044549754
1001340044549762
1001340044549770
1001340044549788
1001340044549796
1001340044549804
1001340044549812
1001340044549820
1001340044549838
1001340044549846
1001340044549853
1001340044549861
1001340044549887
1001340044549879
1001340044549895
1001340044549903
1001340044549911
1001340044549929
1001340044549937
1001340044549945
1001340044549952
1001340044549960
1001340044549978
1001340044549986
1001340044549994
1001340044550000
1001340044550018
1001340044550026
1001340044550034
1001340044550042
1001340044550059
1001340044550067
1001340044550075
1001340044550083
1001340044550091
1001340044550109
1001340044550117
1001340044550125
1001340044550133
1001340044550141
1001340044550158
1001340044550166
1001340044550174
1001340044550182
1001340044550190
1001340044550208
1001340044550216
1001340044550224
1001340044550232
1001340044550240
1001340044550257
1001340044550265
1001340044550273
1001340044550281
1001340044550299
1001340044550307
1001340044550315
1001340044550323
1001340044550331
1001340044550349
1001340044550356
1001340044550364
1001340044550372
1001340044550380
1001340044550398
1001340044550406
1001340044550414
1001340044550422
1001340044550430
1001340044550448
1001340044550455
1001340044550463
1001340044550471
1001340044550489
1001340044550497
1001340044550505
1001340044550513
1001340044550521
1001340044550539
1001340044550547
1001340044550554
1001340044550562
1001340044550570
1001340044550588
1001340044550596
1001340044550604
1001340044550612
1001340044550620
1001340044550638
1001340044550646
1001340044550653
1001340044550661
1001340044550679
1001340044550687
1001340044550695
1001340044550703
1001340044550711
1001340044550729
1001340044550737
1001340044550745
1001340044550752
1001340044550760
1001340044550778
1001340044550786
1001340044550794
1001340044550802
1001340044550810
1001340044550828
1001340044550836
1001340044550844
1001340044550851
1001340044550869
1001340044550877
1001340044550885
1001340044550893
1001340044550901
1001340044550919
1001340044550927
1001340044550935
1001340044550943
1001340044550950
1001340044550968
1001340044550976
1001340044550984
1001340044550992
1001340044551008
1001340044551016
1001340044551024
1001340044551032
1001340044551040
1001340044551057
1001340044551065
1001340044551073
1001340044551081
1001340044551099
1001340044551107
1001340044551115
1001340044551123
1001340044551131
1001340044551149
1001340044551156
1001340044551164
1001340044551172
1001340044551180
1001340044551198
1001340044551206
1001340044551214
1001340044551222
1001340044551230
1001340044551248
1001340044551255
1001340044551263
1001340044551271
1001340044551289
1001340044551297
1001340044551305
1001340044551313
1001340044551321
1001340044551339
1001340044551347
1001340044551354
1001340044551362
1001340044551370
1001340044551388
1001340044551396
1001340044551404
1001340044551412
1001340044551420
1001340044551438
1001340044551446
1001340044551453
1001340044551461
1001340044551479
1001340044551487
1001340044551495
1001340044551503
1001340044551511
1001340044551529
1001340044551537
1001340044551545
1001340044551552
1001340044551560
1001340044551578
1001340044551586
1001340044551594
1001340044551602
1001340044551610
1001340044551628
1001340044551636
1001340044551644
1001340044551651
1001340044551669
1001340044551677
1001340044551685
1001340044551693
1001340044551701
1001340044551719
1001340044551727
1001340044551735
1001340044551743
1001340044551750
1001340044551768
1001340044551776
1001340044551784
1001340044551792
1001340044551800
1001340044551818
1001340044551826
1001340044551834
1001340044551842
1001340044551859
1001340044551867
1001340044551875
1001340044551883
1001340044551891
1001340044551909
1001340044551917
1001340044551925
1001340044551933
1001340044551941
1001340044551958
1001340044551966
1001340044551974
1001340044551982
1001340044551990
1001340044552006
1001340044552014
1001340044552022
1001340044552030
1001340044552048
1001340044552055
1001340044552063
1001340044552071
1001340044552089
1001340044552097
1001340044552105
1001340044552113
1001340044552121
1001340044552139
1001340044552147
1001340044552154
1001340044552162
1001340044552170
1001340044552188
1001340044552196
1001340044552204
1001340044552212
1001340044552220
1001340044552238
1001340044552246
1001340044552253
1001340044552261
1001340044552279
1001340044552287
1001340044552295
1001340044552303
1001340044552311
1001340044552329
1001340044552337
1001340044552345
1001340044552352
1001340044552360
1001340044552378
1001340044552386
1001340044552394
1001340044552402
1001340044552410
1001340044552428
1001340044552436
1001340044552444
1001340044552451
1001340044552469
1001340044552477
1001340044552485
1001340044552493
1001340044552501
1001340044552519
1001340044552527
1001340044552535
1001340044552543
1001340044552550
1001340044552568
1001340044552576
1001340044552584
1001340044552592
1001340044552600
1001340044552618
1001340044552626
1001340044552634
1001340044552642
1001340044552659
1001340044552667
1001340044552675
1001340044552683
1001340044552691
1001340044552709
1001340044552717
1001340044552725
1001340044552733
1001340044552741
1001340044552758
1001340044552766
1001340044552774
1001340044552782
1001340044552790
1001340044552808
1001340044552816
1001340044552824
1001340044552832
1001340044552840
1001340044552857
1001340044552865
1001340044552873
1001340044552881
1001340044552899
1001340044552907
1001340044552915
1001340044552923
1001340044552931
1001340044552949
1001340044552956
1001340044552964
1001340044552972
1001340044552980
1001340044552998
1001340044553004
1001340044553012
1001340044553020
1001340044553038
1001340044553046
1001340044553053
1001340044553061
1001340044553079
1001340044553087
1001340044553095
1001340044553103
1001340044553111
1001340044553129
1001340044553137
1001340044553145
1001340044553152
1001340044553160
1001340044553178
1001340044553186
1001340044553194
1001340044553202
1001340044553210
1001340044553228
1001340044553236
1001340044553244
1001340044553251
1001340044553269
1001340044553277
1001340044553285
1001340044553293
1001340044553301
1001340044553319
1001340044553327
1001340044553335
1001340044553343
1001340044553350
1001340044553368
1001340044553376
1001340044553384
1001340044553392
1001340044553400
1001340044553418
1001340044553426
1001340044553434
1001340044553442
1001340044553459
1001340044553467
1001340044553475
1001340044553483
1001340044553491
1001340044553509
1001340044553517
1001340044553525
1001340044553533
1001340044553541
1001340044553558
1001340044553566
1001340044553574
1001340044553582
1001340044553590
1001340044553608
1001340044553616
1001340044553624
1001340044553632
1001340044553640
1001340044553657
1001340044553665
1001340044553673
1001340044553681
1001340044553699
1001340044553707
1001340044553715
1001340044553723
1001340044553731
1001340044553749
1001340044553756
1001340044553764
1001340044553772
1001340044553780
1001340044553798
1001340044553806
1001340044553814
1001340044553822
1001340044553830
1001340044553848
1001340044553855
1001340044553863
1001340044553871
1001340044553889
1001340044553897
1001340044553905
1001340044553913
1001340044553921
1001340044553939
1001340044553947
1001340044553954
1001340044553962
1001340044553970
1001340044553988
1001340044553996
1001340044554002
1001340044554010
1001340044554028
1001340044554036
1001340044554044
1001340044554051
1001340044554069
1001340044554077
1001340044554085
1001340044554093
1001340044554101
1001340044554119
1001340044554127
1001340044554135
1001340044554143
1001340044554150
1001340044554168
1001340044554176
1001340044554184
1001340044554192
1001340044554200
1001340044554218
1001340044554226
1001340044554234
1001340044554242
1001340044554259
1001340044554267
1001340044554275
1001340044554283
1001340044554291
1001340044554309
1001340044554317
1001340044554325
1001340044554333
1001340044554341
1001340044554358
1001340044554366
1001340044554374
1001340044554382
1001340044554390
1001340044554408
1001340044554416
1001340044554424
1001340044554432
1001340044554440
1001340044554457
1001340044554465
1001340044554473
1001340044554481
1001340044554499
1001340044554507
1001340044554515
1001340044554523
1001340044554531
1001340044554549
1001340044554556
1001340044554564
1001340044554572
1001340044554580
1001340044554598
1001340044554606
1001340044554614
1001340044554622
1001340044554630
1001340044554648
1001340044554655
1001340044554663
1001340044554671
1001340044554689
1001340044554697
1001340044554705
1001340044554713
1001340044554721
1001340044554739
1001340044554747
1001340044554754
1001340044554762
1001340044554770
1001340044554788
1001340044554796
1001340044554804
1001340044554812
1001340044554820
1001340044554838
1001340044554846
1001340044554853
1001340044554861
1001340044554879
1001340044554887
1001340044554895
1001340044554903
1001340044554911
1001340044554929
1001340044554937
1001340044554945
1001340044554952
1001340044554960
1001340044554978
1001340044554986
1001340044554994
1001340044555009
1001340044555017
1001340044555025
1001340044555033
1001340044555041
1001340044555058
1001340044555066
1001340044555074
1001340044555082
1001340044555090
1001340044555108
1001340044555116
1001340044555124
1001340044555132
1001340044555140
1001340044555157
1001340044555165
1001340044555173
1001340044555181
1001340044555199
1001340044555207
1001340044555215
1001340044555223
1001340044555231
1001340044555249
1001340044555256
1001340044555264
1001340044555272
1001340044555280
1001340044555298
1001340044555306
1001340044555314
1001340044555322
1001340044555330
1001340044555348
1001340044555355
1001340044555363
1001340044555371
1001340044555389
1001340044555397
1001340044555405
1001340044555413
1001340044555421
1001340044555439
1001340044555447
1001340044555454
1001340044555462
1001340044555470
1001340044555488
1001340044555496
1001340044555504
1001340044555512
1001340044555520
1001340044555538
1001340044555546
1001340044555553
1001340044555561
1001340044555579
1001340044555587
1001340044555595
1001340044555603
1001340044555611
1001340044555629
1001340044555637
1001340044555645
1001340044555652
1001340044555660
1001340044555678
1001340044555686
1001340044555694
1001340044555702
1001340044555710
1001340044555728
1001340044555736
1001340044555744
1001340044555751
1001340044555769
1001340044555777
1001340044555785
1001340044555793
1001340044555801
1001340044555819
1001340044555827
1001340044555835
1001340044555843
1001340044555850
1001340044555868
1001340044555876
1001340044555884
1001340044555892
1001340044555900
1001340044555918
1001340044555926
1001340044555934
1001340044555942
1001340044555959
1001340044555967
1001340044555975
1001340044555983
1001340044555991
1001340044556007
1001340044556015
1001340044556023
1001340044556031
1001340044556049
1001340044556056
1001340044556064
1001340044556072
1001340044556080
1001340044556098
1001340044556106
1001340044556114
1001340044556122
1001340044556130
1001340044556148
1001340044556155
1001340044556163
1001340044556171
1001340044556189
1001340044556197
1001340044556205
1001340044556213
1001340044556221
1001340044556239
1001340044556247
1001340044556254
1001340044556262
1001340044556270
1001340044556288
1001340044556296
1001340044556304
1001340044556312
1001340044556320
1001340044556338
1001340044556346
1001340044556353
1001340044556361
1001340044556379
1001340044556387
1001340044556395
1001340044556403
1001340044556411
1001340044556429
1001340044556437
1001340044556445
1001340044556452
1001340044556460
1001340044556478
1001340044556486
1001340044556494
1001340044556502
1001340044556510
1001340044556528
1001340044556536
1001340044556544
1001340044556551
1001340044556569
1001340044556577
1001340044556585
1001340044556593
1001340044556601
1001340044556619
1001340044556627
1001340044556635
1001340044556643
1001340044556650
1001340044556668
1001340044556676
1001340044556684
1001340044556692
1001340044556700
1001340044556718
1001340044556726
1001340044556734
1001340044556742
1001340044556759
1001340044556767
1001340044556775
1001340044556783
1001340044556791
1001340044556809
1001340044556817
1001340044556825
1001340044556833
1001340044556841
1001340044556858
1001340044556866
1001340044556874
1001340044556882
1001340044556890
1001340044556908
1001340044556916
1001340044556924
1001340044556932
1001340044556940
1001340044556957
1001340044556965
1001340044556973
1001340044556981
1001340044556999
1001340044557005
1001340044557013
1001340044557021
1001340044557039
1001340044557047
1001340044557054
1001340044557062
1001340044557070
1001340044557088
1001340044557096
1001340044557104
1001340044557112
1001340044557120
1001340044557138
1001340044557146
1001340044557153
1001340044557161
1001340044557179
1001340044557187
1001340044557195
1001340044557203
1001340044557211
1001340044557229
1001340044557237
1001340044557245
1001340044557252
1001340044557260
1001340044557278
1001340044557286
1001340044557294
1001340044557302
1001340044557310
1001340044557328
1001340044557336
1001340044557344
1001340044557351
1001340044557369
1001340044557377
1001340044557385
1001340044557393
1001340044557401
1001340044557419
1001340044557427
1001340044557435
1001340044557443
1001340044557450
1001340044557468
1001340044557476
1001340044557484
1001340044557492
1001340044557500
1001340044557518
1001340044557526
1001340044557534
1001340044557542
1001340044557559
1001340044557567
1001340044557575
1001340044557583
1001340044557591
1001340044557609
1001340044557617
1001340044557625
1001340044557633
1001340044557641
1001340044557658
1001340044557666
1001340044557674
1001340044557682
1001340044557690
1001340044557708
1001340044557716
1001340044557724
1001340044557732
1001340044557740
1001340044557757
1001340044557765
1001340044557773
1001340044557781
1001340044557799
1001340044557807
1001340044557815
1001340044557823
1001340044557831
1001340044557849
1001340044557856
1001340044557864
1001340044557872
1001340044557880
1001340044557898
1001340044557906
1001340044557914
1001340044557922
1001340044557930
1001340044557948
1001340044557955
1001340044557963
1001340044557971
1001340044557989
1001340044557997
1001340044558003
1001340044558011
1001340044558029
1001340044558037
1001340044558045
1001340044558052
1001340044558060
1001340044558078
1001340044558086
1001340044558094
1001340044558102
1001340044558110
1001340044558128
1001340044558136
1001340044558144
1001340044558151
1001340044558169
1001340044558177
1001340044558185
1001340044558193
1001340044558201
1001340044558219
1001340044558227
1001340044558235
1001340044558243
1001340044558250
1001340044558276
1001340044558268
1001340044558284
1001340044558292
1001340044558300
1001340044558318
1001340044558334
1001340044558326
1001340044558342
1001340044558367
1001340044558359
1001340044558375
1001340044558383
1001340044558391
1001340044558409
1001340044558425
1001340044558417
1001340044558433
1001340044558441
1001340044558458
1001340044558466
1001340044558482
1001340044558474
1001340044558490
1001340044558516
1001340044558508
1001340044558524
1001340044558532
1001340044558540
1001340044558557
1001340044558565
1001340044558573
1001340044558581
1001340044558607
1001340044558599
1001340044558615
1001340044558623
1001340044558631
1001340044558649
1001340044558656
1001340044558664
1001340044558672
1001340044558680
1001340044558698
1001340044558706
1001340044558714
1001340044558722
1001340044558730
1001340044558755
1001340044558748
1001340044558763
1001340044558771
1001340044558789
1001340044558797
1001340044558805
1001340044558813
1001340044558821
1001340044558839
1001340044558847
1001340044558854
1001340044558862
1001340044558870
1001340044558888
1001340044558896
1001340044558904
1001340044558912
1001340044558920
1001340044558938
1001340044558946
1001340044558953
1001340044558961
1001340044558979
1001340044558987
1001340044558995
1001340044559001
1001340044559019
1001340044559027
1001340044559035
1001340044559050
1001340044559043
1001340044559068
1001340044559084
1001340044559076
1001340044559092
1001340044559100
1001340044559118
1001340044559126
1001340044559134
1001340044559142
1001340044559159
1001340044559167
1001340044559175
1001340044559183
1001340044559191
1001340044559209
1001340044559217
1001340044559233
1001340044559225
1001340044559241
1001340044559258
1001340044559266
1001340044559274
1001340044559290
1001340044559282
1001340044559308
1001340044559316
1001340044559324
1001340044559332
1001340044559340
1001340044559357
1001340044559365
1001340044559373
1001340044559381
1001340044559399
1001340044559407
1001340044559415
1001340044559423
1001340044559431
1001340044559449
1001340044559456
1001340044559464
1001340044559472
1001340044559480
1001340044559498
1001340044559506
1001340044559514
1001340044559522
1001340044559530
1001340044559548
1001340044559555
1001340044559563
1001340044559571
1001340044559589
1001340044559597
1001340044559605
1001340044559613
1001340044559621
1001340044559639
1001340044559647
1001340044559654
1001340044559662
1001340044559688
1001340044559670
1001340044559696
1001340044559704
1001340044559712
1001340044559720
1001340044559738
1001340044559746
1001340044559753
1001340044559761
1001340044559779
1001340044559787
1001340044559795
1001340044559803
1001340044559811
1001340044559829
1001340044559837
1001340044559845
1001340044559852
1001340044559860
1001340044559878
1001340044559886
1001340044559894
1001340044559902
1001340044559910
1001340044559928
1001340044559936
1001340044559944
1001340044559951
1001340044559969
1001340044559977
1001340044559985
1001340044559993
1001340044560009
1001340044560017
1001340044560025
1001340044560033
1001340044560041
1001340044560058
1001340044560066
1001340044560074
1001340044560082
1001340044560090
1001340044560108
1001340044560116
1001340044560124
1001340044560132
1001340044560140
1001340044560157
1001340044560165
1001340044560173
1001340044560181
1001340044560199
1001340044560207
1001340044560215
1001340044560223
1001340044560231
1001340044560249
1001340044560256
1001340044560264
1001340044560280
1001340044560272
1001340044560298
1001340044560306
1001340044560314
1001340044560322
1001340044560330
1001340044560348
1001340044560355
1001340044560363
1001340044560371
1001340044560389
1001340044560397
1001340044560405
1001340044560413
1001340044560421
1001340044560439
1001340044560447
1001340044560454
1001340044560462
1001340044560470
1001340044560488
1001340044560496
1001340044560504
1001340044560512
1001340044560520
1001340044560538
1001340044560546
1001340044560553
1001340044560561
1001340044560579
1001340044560587
1001340044560595
1001340044560603
1001340044560611
1001340044560629
1001340044560637
1001340044560645
1001340044560652
1001340044560660
1001340044560678
1001340044560686
1001340044560694
1001340044560702
1001340044560710
1001340044560728
1001340044560736
1001340044560744
1001340044560751
1001340044560769
1001340044560777
1001340044560785
1001340044560793
1001340044560801
1001340044560819
1001340044560827
1001340044560835
1001340044560843
1001340044560850
1001340044560868
1001340044560876
1001340044560884
1001340044560892
1001340044560900
1001340044560918
1001340044560926
1001340044560934
1001340044560942
1001340044560959
1001340044560967
1001340044560975
1001340044560983
1001340044560991
1001340044561007
1001340044561015
1001340044561023
1001340044561031
1001340044561049
1001340044561056
1001340044561064
1001340044561072
1001340044561080
1001340044561098
1001340044561106
1001340044561114
1001340044561122
1001340044561130
1001340044561148
1001340044561155
1001340044561163
1001340044561171
1001340044561189
1001340044561197
1001340044561205
1001340044561213
1001340044561221
1001340044561239
1001340044561247
1001340044561254
1001340044561262
1001340044561270
1001340044561288
1001340044561296
1001340044561304
1001340044561312
1001340044561320
1001340044561338
1001340044561346
1001340044561353
1001340044561361
1001340044561379
1001340044561387
1001340044561395
1001340044561403
1001340044561411
1001340044561429
1001340044561437
1001340044561445
1001340044561452
1001340044561460
1001340044561478
1001340044561486
1001340044561494
1001340044561502
1001340044561510
1001340044561528
1001340044561536
1001340044561544
1001340044561551
1001340044561569
1001340044561577
1001340044561585
1001340044561593
1001340044561601
1001340044561619
1001340044561627
1001340044561635
1001340044561643
1001340044561650
1001340044561668
1001340044561676
1001340044561684
1001340044561692
1001340044561700
1001340044561718
1001340044561726
1001340044561734
1001340044561742
1001340044561759
1001340044561767
1001340044561775
1001340044561783
1001340044561791
1001340044561809
1001340044561817
1001340044561825
1001340044561833
1001340044561841
1001340044561858
1001340044561866
1001340044561874
1001340044561882
1001340044561890
1001340044561908
1001340044561916
1001340044561924
1001340044561932
1001340044561940
1001340044561957
1001340044561965
1001340044561973
1001340044561981
1001340044561999
1001340044562005
1001340044562013
1001340044562021
1001340044562039
1001340044562047
1001340044562054
1001340044562062
1001340044562070
1001340044562088
1001340044562096
1001340044562104
1001340044562112
1001340044562120
1001340044562138
1001340044562146
1001340044562153
1001340044562161
1001340044562179
1001340044562187
1001340044562195
1001340044562203
1001340044562211
1001340044562229
1001340044562237
1001340044562245
1001340044562252
1001340044562260
1001340044562278
1001340044562286
1001340044562294
1001340044562302
1001340044562310
1001340044562328
1001340044562336
1001340044562344
1001340044562351
1001340044562369
1001340044562377
1001340044562385
1001340044562393
1001340044562401
1001340044562419
1001340044562427
1001340044562435
1001340044562443
1001340044562450
1001340044562468
1001340044562476
1001340044562484
1001340044562492
1001340044562500
1001340044562518
1001340044562526
1001340044562534
1001340044562542
1001340044562559
1001340044562567
1001340044562575
1001340044562583
1001340044562591
1001340044562609
1001340044562617
1001340044562625
1001340044562633
1001340044562641
1001340044562658
1001340044562666
1001340044562674
1001340044562682
1001340044562690
1001340044562708
1001340044562716
1001340044562724
1001340044562732
1001340044562740
1001340044562757
1001340044562765
1001340044562773
1001340044562781
1001340044562799
1001340044562807
1001340044562815
1001340044562823
1001340044562831
1001340044562849
1001340044562856
1001340044562864
1001340044562872
1001340044562880
1001340044562898
1001340044562906
1001340044562914
1001340044562922
1001340044562930
1001340044562948
1001340044562955
1001340044562963
1001340044562971
1001340044562989
1001340044562997
1001340044563003
1001340044563011
1001340044563029
1001340044563037
1001340044563045
1001340044563052
1001340044563060
1001340044563078
1001340044563086
1001340044563094
1001340044563102
1001340044563110
1001340044563128
1001340044563136
1001340044563144
1001340044563151
1001340044563169
1001340044563177
1001340044563185
1001340044563193
1001340044563201
1001340044563219
1001340044563227
1001340044563235
1001340044563243
1001340044563250
1001340044563268
1001340044563276
1001340044563284
1001340044563292
1001340044563300
1001340044563318
1001340044563326
1001340044563334
1001340044563342
1001340044563359
1001340044563367
1001340044563375
1001340044563383
1001340044563391
1001340044563409
1001340044563417
1001340044563425
1001340044563433
1001340044563441
1001340044563458
1001340044563466
1001340044563474
1001340044563482
1001340044563490
1001340044563508
1001340044563516
1001340044563524
1001340044563532
1001340044563540
1001340044563557
1001340044563565
1001340044563573
1001340044563581
1001340044563599
1001340044563607
1001340044563615
1001340044563623
1001340044563631
1001340044563649
1001340044563656
1001340044563664
1001340044563672
1001340044563680
1001340044563698
1001340044563706
1001340044563714
1001340044563722
1001340044563730
1001340044563748
1001340044563755
1001340044563763
1001340044563771
1001340044563789
1001340044563797
1001340044563805
1001340044563813
1001340044563821
1001340044563839
1001340044563847
1001340044563854
1001340044563862
1001340044563870
1001340044563888
1001340044563896
1001340044563904
1001340044563912
1001340044563920
1001340044563938
1001340044563946
1001340044563953
1001340044563961
1001340044563979
1001340044563987
1001340044563995
1001340044564001
1001340044564019
1001340044564027
1001340044564035
1001340044564043
1001340044564050
1001340044564068
1001340044564076
1001340044564084
1001340044564092
1001340044564100
1001340044564118
1001340044564126
1001340044564134
1001340044564142
1001340044564159
1001340044564167
1001340044564175
1001340044564183
1001340044564191
1001340044564209
1001340044564217
1001340044564225
1001340044564233
1001340044564241
1001340044564258
1001340044564266
1001340044564274
1001340044564282
1001340044564290
1001340044564308
1001340044564316
1001340044564324
1001340044564332
1001340044564340
1001340044564357
1001340044564365
1001340044564373
1001340044564381
1001340044564399
1001340044564407
1001340044564415
1001340044564423
1001340044564431
1001340044564449
1001340044564456
1001340044564464
1001340044564472
1001340044564480
1001340044564498
1001340044564506
1001340044564514
1001340044564522
1001340044564530
1001340044564548
1001340044564555
1001340044564563
1001340044564571
1001340044564589
1001340044564597
1001340044564605
1001340044564613
1001340044564621
1001340044564639
1001340044564647
1001340044564654
1001340044564662
1001340044564670
1001340044564688
1001340044564696
1001340044564704
1001340044564712
1001340044564720
1001340044564738
1001340044564746
1001340044564753
1001340044564761
1001340044564779
1001340044564787
1001340044564795
1001340044564803
1001340044564811
1001340044564829
1001340044564837
1001340044564845
1001340044564852
1001340044564860
1001340044564878
1001340044564886
1001340044564902
1001340044564894
1001340044564910
1001340044564928
1001340044564936
1001340044564944
1001340044564951
1001340044564969
1001340044564977
1001340044564993
1001340044564985
1001340044565008
1001340044565016
1001340044565024
1001340044565032
1001340044565057
1001340044565040
1001340044565065
1001340044565081
1001340044565073
1001340044565099
1001340044565107
1001340044565115
1001340044565123
1001340044565131
1001340044565149
1001340044565156
1001340044565164
1001340044565172
1001340044565180
1001340044565198
1001340044565206
1001340044565214
1001340044565222
1001340044565230
1001340044565248
1001340044565255
1001340044565263
1001340044565271
1001340044565289
1001340044565297
1001340044565305
1001340044565313
1001340044565321
1001340044565339
1001340044565347
1001340044565354
1001340044565362
1001340044565370
1001340044565388
1001340044565396
1001340044565404
1001340044565412
1001340044565420
1001340044565438
1001340044565446
1001340044565453
1001340044565461
1001340044565479
1001340044565487
1001340044565495
1001340044565503
1001340044565511
1001340044565529
1001340044565537
1001340044565545
1001340044565552
1001340044565560
1001340044565578
1001340044565586
1001340044565594
1001340044565602
1001340044565610
1001340044565628
1001340044565636
1001340044565644
1001340044565651
1001340044565669
1001340044565677
1001340044565685
1001340044565693
1001340044565701
1001340044565719
1001340044565727
1001340044565735
1001340044565743
1001340044565750
1001340044565768
1001340044565776
1001340044565784
1001340044565792
1001340044565800
1001340044565818
1001340044565826
1001340044565834
1001340044565842
1001340044565859
1001340044565867
1001340044565875
1001340044565883
1001340044565891
1001340044565909
1001340044565917
1001340044565925
1001340044565933
1001340044565941
1001340044565958
1001340044565966
1001340044565974
1001340044565982
1001340044565990
1001340044566006
1001340044566014
1001340044566022
1001340044566030
1001340044566048
1001340044566055
1001340044566063
1001340044566071
1001340044566089
1001340044566097
1001340044566105
1001340044566113
1001340044566121
1001340044566139
1001340044566147
1001340044566154
1001340044566162
1001340044566170
1001340044566188
1001340044566196
1001340044566204
1001340044566212
1001340044566220
1001340044566238
1001340044566246
1001340044566253
1001340044566261
1001340044566279
1001340044566287
1001340044566295
1001340044566303
1001340044566311
1001340044566329
1001340044566337
1001340044566345
1001340044566352
1001340044566360
1001340044566378
1001340044566386
1001340044566394
1001340044566402
1001340044566410
1001340044566428
1001340044566436
1001340044566444
1001340044566451
1001340044566469
1001340044566477
1001340044566485
1001340044566493
1001340044566501
1001340044566519
1001340044566527
1001340044566535
1001340044566543
1001340044566550
1001340044566568
1001340044566576
1001340044566584
1001340044566592
1001340044566600
1001340044566618
1001340044566626
1001340044566634
1001340044566642
1001340044566659
1001340044566667
1001340044566675
1001340044566683
1001340044566691
1001340044566709
1001340044566717
1001340044566725
1001340044566733
1001340044566741
1001340044566758
1001340044566766
1001340044566774
1001340044566782
1001340044566790
1001340044566808
1001340044566816
1001340044566824
1001340044566832
1001340044566840
1001340044566857
1001340044566865
1001340044566873
1001340044566881
1001340044566899
1001340044566907
1001340044566915
1001340044566923
1001340044566931
1001340044566949
1001340044566956
1001340044566964
1001340044566972
1001340044566980
1001340044566998
1001340044567004
1001340044567012
1001340044567020
1001340044567038
1001340044567046
1001340044567053
1001340044567061
1001340044567079
1001340044567087
1001340044567095
1001340044567103
1001340044567111
1001340044567129
1001340044567137
1001340044567145
1001340044567152
1001340044567160
1001340044567178
1001340044567186
1001340044567194
1001340044567202
1001340044567210
1001340044567228
1001340044567236
1001340044567244
1001340044567251
1001340044567269
1001340044567277
1001340044567285
1001340044567293
1001340044567301
1001340044567319
1001340044567327
1001340044567335
1001340044567343
1001340044567350
1001340044567368
1001340044567376
1001340044567384
1001340044567392
1001340044567400
1001340044567418
1001340044567426
1001340044567434
1001340044567442
1001340044567459
1001340044567467
1001340044567475
1001340044567483
1001340044567491
1001340044567509
1001340044567517
1001340044567525
1001340044567533
1001340044567541
1001340044567558
1001340044567566
1001340044567574
1001340044567582
1001340044567590
1001340044567608
1001340044567616
1001340044567624
1001340044567632
1001340044567640
1001340044567657
1001340044567665
1001340044567673
1001340044567681
1001340044567699
1001340044567707
1001340044567715
1001340044567723
1001340044567731
1001340044567749
1001340044567756
1001340044567764
1001340044567772
1001340044567780
1001340044567798
1001340044567806
1001340044567814
1001340044567822
1001340044567830
1001340044567848
1001340044567855
1001340044567863
1001340044567871
1001340044567889
1001340044567897
1001340044567905
1001340044567913
1001340044567921
1001340044567939
1001340044567947
1001340044567954
1001340044567962
1001340044567970
1001340044567988
1001340044567996
1001340044568002
1001340044568010
1001340044568028
1001340044568036
1001340044568044
1001340044568051
1001340044568069
1001340044568077
1001340044568085
1001340044568093
1001340044568101
1001340044568119
1001340044568127
1001340044568135
1001340044568143
1001340044568150
1001340044568168
1001340044568176
1001340044568184
1001340044568192
1001340044568200
1001340044568218
1001340044568226
1001340044568234
1001340044568242
1001340044568259
1001340044568267
1001340044568275
1001340044568283
1001340044568291
1001340044568309
1001340044568317
1001340044568325
1001340044568333
1001340044568341
1001340044568358
1001340044568366
1001340044568374
1001340044568382
1001340044568390
1001340044568408
1001340044568416
1001340044568424
