1001340044589503
1001340044589529
1001340044589537
1001340044589552
1001340044589545
1001340044589560
1001340044589578
1001340044589602
1001340044589586
1001340044589610
1001340044589628
1001340044589636
1001340044589651
1001340044589644
1001340044589669
1001340044589677
1001340044589685
1001340044589693
1001340044589719
1001340044589701
1001340044589727
1001340044589735
1001340044589743
1001340044589768
1001340044589750
1001340044589776
1001340044589784
1001340044589800
1001340044589834
1001340044589842
1001340044589859
1001340044589867
1001340044589875
1001340044589891
1001340044589883
1001340044589909
1001340044589925
1001340044589917
1001340044589933
1001340044589941
1001340044589958
1001340044589966
1001340044589974
1001340044589990
1001340044589982
1001340044590006
1001340044590014
1001340044590022
1001340044590030
1001340044590048
1001340044590055
1001340044590063
1001340044590071
1001340044590097
1001340044590089
1001340044590105
1001340044590113
1001340044590121
1001340044590139
1001340044590154
1001340044590147
1001340044590162
1001340044590170
1001340044590196
1001340044590188
1001340044590212
1001340044590220
1001340044590238
1001340044590246
1001340044590253
1001340044590261
1001340044590287
1001340044590279
1001340044590295
1001340044590303
1001340044590329
1001340044590337
1001340044590345
1001340044590352
1001340044590360
1001340044590378
1001340044590386
1001340044590394
1001340044590410
1001340044590428
1001340044590436
1001340044590451
1001340044590469
1001340044590477
1001340044590485
1001340044590501
1001340044590493
1001340044590519
1001340044590527
1001340044590535
1001340044590543
1001340044590550
1001340044590568
1001340044590576
1001340044590584
1001340044590592
1001340044590600
1001340044590626
1001340044590634
1001340044590642
1001340044590659
1001340044590683
1001340044590667
1001340044590675
1001340044590691
1001340044590709
1001340044590717
1001340044590725
1001340044590733
1001340044590758
1001340044590766
1001340044590741
1001340044590774
1001340044590782
1001340044590790
1001340044590808
1001340044590824
1001340044590816
1001340044590832
1001340044590857
1001340044590840
1001340044590865
1001340044590881
1001340044590899
1001340044590907
1001340044590915
1001340044590923
1001340044590949
1001340044590931
1001340044590964
1001340044590972
1001340044590956
1001340044590980
1001340044590998
1001340044591004
1001340044591012
1001340044591020
1001340044591038
1001340044591046
1001340044591061
1001340044591079
1001340044591087
1001340044591095
1001340044591103
1001340044591129
1001340044591137
1001340044591111
1001340044591145
1001340044591152
1001340044591160
1001340044591178
1001340044591186
1001340044591194
1001340044591202
1001340044591210
1001340044591236
1001340044591228
1001340044591244
1001340044591251
1001340044591269
1001340044591277
1001340044591285
1001340044591293
1001340044591301
1001340044591319
1001340044591327
1001340044591335
1001340044591343
1001340044591350
1001340044591368
1001340044591376
1001340044591392
1001340044591384
1001340044591400
1001340044591418
1001340044591426
1001340044591434
1001340044591459
1001340044591475
1001340044591483
1001340044591491
1001340044591509
1001340044591517
1001340044591525
1001340044591533
1001340044591541
1001340044591558
1001340044591574
1001340044591566
1001340044591582
1001340044591590
1001340044591608
1001340044591616
1001340044591624
1001340044591632
1001340044591640
1001340044591657
1001340044591673
1001340044591681
1001340044591699
1001340044591707
1001340044591723
1001340044591715
1001340044591749
1001340044591756
1001340044591764
1001340044591772
1001340044591780
1001340044591798
1001340044591806
1001340044591814
1001340044591822
1001340044591830
1001340044591863
1001340044591855
1001340044591848
1001340044591871
1001340044591889
1001340044591905
1001340044591913
1001340044591947
1001340044591921
1001340044591939
1001340044591962
1001340044591970
1001340044591954
1001340044591996
1001340044591988
1001340044592002
1001340044592028
1001340044592010
1001340044592036
1001340044592044
1001340044592069
1001340044592051
1001340044592085
1001340044592093
1001340044592101
1001340044592127
1001340044592135
1001340044592143
1001340044592168
1001340044592176
1001340044592184
1001340044592200
1001340044592218
1001340044592226
1001340044592234
1001340044592259
1001340044592267
1001340044592275
1001340044592283
1001340044592242
1001340044592291
1001340044592309
1001340044592317
1001340044592325
1001340044592333
1001340044592341
1001340044592358
1001340044592374
1001340044592366
1001340044592382
1001340044592390
1001340044592408
1001340044592416
1001340044592432
1001340044592424
1001340044592440
1001340044592465
1001340044592457
1001340044592481
1001340044592499
1001340044592507
1001340044592523
1001340044592515
1001340044592549
1001340044592531
1001340044592556
1001340044592564
1001340044592572
1001340044592580
1001340044592598
1001340044592614
1001340044592606
1001340044592630
1001340044592648
1001340044592622
1001340044592671
1001340044592663
1001340044592689
1001340044592697
1001340044592705
1001340044592721
1001340044592713
1001340044592739
1001340044592747
1001340044592754
1001340044592770
1001340044592762
1001340044592788
1001340044592812
1001340044592804
1001340044592796
1001340044592820
1001340044592846
1001340044592853
1001340044592861
1001340044592887
1001340044592895
1001340044592903
1001340044592911
1001340044592929
1001340044592945
1001340044592937
1001340044592960
1001340044592952
1001340044592978
1001340044592986
1001340044592994
1001340044593000
1001340044593018
1001340044593034
1001340044593026
1001340044593042
1001340044593059
1001340044593067
1001340044593083
1001340044593091
1001340044593109
1001340044593117
1001340044593133
1001340044593125
1001340044593141
1001340044593166
1001340044593174
1001340044593158
1001340044593182
1001340044593190
1001340044593208
1001340044593216
1001340044593224
1001340044593232
1001340044593240
1001340044593257
1001340044593265
1001340044593273
1001340044593281
1001340044593299
1001340044593315
1001340044593323
1001340044593331
1001340044593349
1001340044593364
1001340044593356
1001340044593380
1001340044593398
1001340044593414
1001340044593406
1001340044593422
1001340044593455
1001340044593448
1001340044593463
1001340044593471
1001340044593489
1001340044593497
1001340044593505
1001340044593513
1001340044593521
1001340044593539
1001340044593554
1001340044593547
1001340044593562
1001340044593570
1001340044593588
1001340044593596
1001340044593612
1001340044593620
1001340044593638
1001340044593646
1001340044593653
1001340044593661
1001340044593679
1001340044593687
1001340044593695
1001340044593711
1001340044593703
1001340044593729
1001340044593737
1001340044593745
1001340044593752
1001340044593760
1001340044593778
1001340044593802
1001340044593794
1001340044593810
1001340044593828
1001340044593836
1001340044593851
1001340044593869
1001340044593877
1001340044593885
1001340044593893
1001340044593901
1001340044593919
1001340044593935
1001340044593943
1001340044593950
1001340044593968
1001340044593976
1001340044593984
1001340044593992
1001340044594008
1001340044594016
1001340044594024
1001340044594057
1001340044594040
1001340044594065
1001340044594073
1001340044594081
1001340044594099
1001340044594107
1001340044594115
1001340044594123
1001340044594156
1001340044594149
1001340044594164
1001340044594172
1001340044594180
1001340044594198
1001340044594206
1001340044594222
1001340044594214
1001340044594230
1001340044594248
1001340044594255
1001340044594263
1001340044594271
1001340044594289
1001340044594297
1001340044594305
1001340044594321
1001340044594313
1001340044594339
1001340044594354
1001340044594347
1001340044594362
1001340044594370
1001340044594388
1001340044594404
1001340044594396
1001340044594412
1001340044594420
1001340044594438
1001340044594446
1001340044594453
1001340044594461
1001340044594479
1001340044594487
1001340044594495
1001340044594503
1001340044594529
1001340044594537
1001340044594545
1001340044594552
1001340044594560
1001340044594578
1001340044594594
1001340044594602
1001340044594628
1001340044594610
1001340044594644
1001340044594636
1001340044594651
1001340044594677
1001340044594685
1001340044594669
1001340044594719
1001340044594693
1001340044594701
1001340044594727
1001340044594735
1001340044594743
1001340044594750
1001340044594768
1001340044594784
1001340044594776
1001340044594792
1001340044594818
1001340044594800
1001340044594826
1001340044594834
1001340044594842
1001340044594859
1001340044594875
1001340044594883
1001340044594867
1001340044594891
1001340044594909
1001340044594917
1001340044594925
1001340044594941
1001340044594933
1001340044594958
1001340044594966
1001340044594974
1001340044594982
1001340044595005
1001340044594990
1001340044595013
1001340044595021
1001340044595039
1001340044595047
1001340044595070
1001340044595054
1001340044595062
1001340044595088
1001340044595096
1001340044595104
1001340044595112
1001340044595120
1001340044595138
1001340044595146
1001340044595153
1001340044595161
1001340044595187
1001340044595179
1001340044595195
1001340044595203
1001340044595211
1001340044595229
1001340044595252
1001340044595245
1001340044595260
1001340044595278
1001340044595286
1001340044595302
1001340044595310
1001340044595328
1001340044595344
1001340044595336
1001340044595351
1001340044595377
1001340044595369
1001340044595385
1001340044595393
1001340044595401
1001340044595419
1001340044595427
1001340044595435
1001340044595443
1001340044595450
1001340044595476
1001340044595484
1001340044595500
1001340044595492
1001340044595518
1001340044595526
1001340044595534
1001340044595542
1001340044595559
1001340044595567
1001340044595583
1001340044595591
1001340044595609
1001340044595625
1001340044595633
1001340044595641
1001340044595617
1001340044595666
1001340044595674
1001340044595690
1001340044595708
1001340044595732
1001340044595740
1001340044595757
1001340044595765
1001340044595773
1001340044595781
1001340044595799
1001340044595807
1001340044595815
1001340044595823
1001340044595831
1001340044595849
1001340044595864
1001340044595856
1001340044595872
1001340044595880
1001340044595898
1001340044595906
1001340044595914
1001340044595922
1001340044595930
1001340044595948
1001340044595955
1001340044595971
1001340044595989
1001340044595963
1001340044595997
1001340044596003
1001340044596011
1001340044596029
1001340044596037
1001340044596045
1001340044596052
1001340044596086
1001340044596078
1001340044596102
1001340044596094
1001340044596110
1001340044596128
1001340044596144
1001340044596136
1001340044596151
1001340044596169
1001340044596177
1001340044596185
1001340044596193
1001340044596201
1001340044596243
1001340044596250
1001340044596276
1001340044596284
1001340044596292
1001340044596300
1001340044596318
1001340044596334
1001340044596326
1001340044596342
1001340044596359
1001340044596367
1001340044596383
1001340044596391
1001340044596409
1001340044596417
1001340044596425
1001340044596433
1001340044596458
1001340044596441
1001340044596466
1001340044596474
1001340044596482
1001340044596490
1001340044596516
1001340044596508
1001340044596540
1001340044596532
1001340044596565
1001340044596573
1001340044596557
1001340044596581
1001340044596607
1001340044596615
1001340044596599
1001340044596623
1001340044596631
1001340044596649
1001340044596672
1001340044596656
1001340044596680
1001340044596698
1001340044596706
1001340044596714
1001340044596722
1001340044596730
1001340044596748
1001340044596755
1001340044596763
1001340044596771
1001340044596789
1001340044596797
1001340044596805
1001340044596813
1001340044596821
1001340044596854
1001340044596862
1001340044596870
1001340044596888
1001340044596896
1001340044596904
1001340044596912
1001340044596920
1001340044596938
1001340044596946
1001340044596953
1001340044596961
1001340044596979
1001340044596987
1001340044597001
1001340044597019
1001340044597035
1001340044597043
1001340044597068
1001340044597076
1001340044597084
1001340044597092
1001340044597027
1001340044597100
1001340044597118
1001340044597126
1001340044597134
1001340044597142
1001340044597159
1001340044597175
1001340044597183
1001340044597167
1001340044597191
1001340044597209
1001340044597217
1001340044597225
1001340044597233
1001340044597258
1001340044597241
1001340044597266
1001340044597274
1001340044597282
1001340044597290
1001340044597308
1001340044597316
1001340044597324
1001340044597340
1001340044597332
1001340044597357
1001340044597373
1001340044597365
1001340044597381
1001340044597399
1001340044597415
1001340044597407
1001340044597431
1001340044597449
1001340044597456
1001340044597464
1001340044597472
1001340044597480
1001340044597498
1001340044597506
1001340044597514
1001340044597522
1001340044597548
1001340044597530
1001340044597563
1001340044597571
1001340044597589
1001340044597597
1001340044597605
1001340044597621
1001340044597639
1001340044597647
1001340044597654
1001340044597662
1001340044597688
1001340044597670
1001340044597696
1001340044597704
1001340044597712
1001340044597720
1001340044597746
1001340044597738
1001340044597753
1001340044597761
1001340044597779
1001340044597787
1001340044597795
1001340044597803
1001340044597811
1001340044597829
1001340044597837
1001340044597845
1001340044597852
1001340044597878
1001340044597886
1001340044597902
1001340044597894
1001340044597928
1001340044597936
1001340044597944
1001340044597951
1001340044597977
1001340044597985
1001340044597993
1001340044598009
1001340044598017
1001340044598025
1001340044598033
1001340044598041
1001340044598066
1001340044598074
1001340044598090
1001340044598082
1001340044598108
1001340044598116
1001340044598124
1001340044598132
1001340044598140
1001340044598157
1001340044598173
1001340044598165
1001340044598181
1001340044598199
1001340044598207
1001340044598215
1001340044598223
1001340044598256
1001340044598249
1001340044598264
1001340044598272
1001340044598280
1001340044598298
1001340044598306
1001340044598314
1001340044598322
1001340044598330
1001340044598348
1001340044598355
1001340044598363
1001340044598371
1001340044598389
1001340044598405
1001340044598413
1001340044598397
1001340044598439
1001340044598447
1001340044598454
1001340044598462
1001340044598470
1001340044598488
1001340044598496
1001340044598512
1001340044598520
1001340044598538
1001340044598553
1001340044598546
1001340044598579
1001340044598587
1001340044598561
1001340044598595
1001340044598603
1001340044598611
1001340044598645
1001340044598629
1001340044598652
1001340044598660
1001340044598678
1001340044598694
1001340044598702
1001340044598728
1001340044598736
1001340044598751
1001340044598769
1001340044598777
1001340044598785
1001340044598793
1001340044598819
1001340044598801
1001340044598827
1001340044598843
1001340044598835
1001340044598850
1001340044598868
1001340044598876
1001340044598884
1001340044598892
1001340044598900
1001340044598918
1001340044598934
1001340044598926
1001340044598942
1001340044598959
1001340044598967
1001340044598975
1001340044598983
1001340044598991
1001340044599007
1001340044599015
1001340044599023
1001340044599031
1001340044599049
1001340044599056
1001340044599080
1001340044599072
1001340044599098
1001340044599106
1001340044599122
1001340044599114
1001340044599130
1001340044599148
1001340044599155
1001340044599163
1001340044599189
1001340044599171
1001340044599197
1001340044599205
1001340044599213
1001340044599221
1001340044599254
1001340044599239
1001340044599262
1001340044599270
1001340044599288
1001340044599296
1001340044599304
1001340044599312
1001340044599320
1001340044599346
1001340044599353
1001340044599338
1001340044599361
1001340044599379
1001340044599387
1001340044599395
1001340044599403
1001340044599411
1001340044599429
1001340044599437
1001340044599445
1001340044599452
1001340044599460
1001340044599478
1001340044599486
1001340044599494
1001340044599510
1001340044599528
1001340044599536
1001340044599544
1001340044599551
1001340044599569
1001340044599577
1001340044599585
1001340044599601
1001340044599619
1001340044599627
1001340044599635
1001340044599643
1001340044599650
1001340044599668
1001340044599676
1001340044599692
1001340044599700
1001340044599726
1001340044599734
1001340044599742
1001340044599767
1001340044599759
1001340044599775
1001340044599783
1001340044599791
1001340044599809
1001340044599825
1001340044599817
1001340044599833
1001340044599841
1001340044599858
1001340044599866
1001340044599874
1001340044599882
1001340044599908
1001340044599916
1001340044599932
1001340044599924
1001340044599957
1001340044599965
1001340044599973
1001340044599981
1001340044599999
