1001340045915004
1001340045915012
1001340045915020
1001340045915038
1001340045915046
1001340045915053
1001340045915061
1001340045915079
1001340045915087
1001340045915095
1001340045915103
1001340045915111
1001340045915129
1001340045915137
1001340045915145
1001340045915152
1001340045915160
1001340045915178
1001340045915186
1001340045915194
1001340045915202
1001340045915210
1001340045915228
1001340045915236
1001340045915244
1001340045915251
1001340045915269
1001340045915277
1001340045915285
1001340045915293
1001340045915301
1001340045915319
1001340045915327
1001340045915335
1001340045915343
1001340045915350
1001340045915368
1001340045915376
1001340045915384
1001340045915392
1001340045915400
1001340045915418
1001340045915426
1001340045915434
1001340045915442
1001340045915459
1001340045915467
1001340045915475
1001340045915483
1001340045915491
1001340045915509
1001340045915517
1001340045915525
1001340045915533
1001340045915541
1001340045915558
1001340045915566
1001340045915574
1001340045915582
1001340045915590
1001340045915608
1001340045915616
1001340045915624
1001340045915632
1001340045915640
1001340045915657
1001340045915665
1001340045915673
1001340045915681
1001340045915699
1001340045915707
1001340045915715
1001340045915723
1001340045915731
1001340045915749
1001340045915756
1001340045915764
1001340045915772
1001340045915780
1001340045915798
1001340045915806
1001340045915814
1001340045915822
1001340045915830
1001340045915848
1001340045915855
1001340045915863
1001340045915871
1001340045915889
1001340045915897
1001340045915905
1001340045915913
1001340045915921
1001340045915939
1001340045915947
1001340045915954
1001340045915962
1001340045915970
1001340045915988
1001340045915996
1001340045916002
1001340045916010
1001340045916028
1001340045916036
1001340045916044
1001340045916051
1001340045916069
1001340045916077
1001340045916085
1001340045916093
1001340045916101
1001340045916119
1001340045916127
1001340045916135
1001340045916143
1001340045916150
1001340045916168
1001340045916176
1001340045916184
1001340045916192
1001340045916200
1001340045916218
1001340045916226
1001340045916234
1001340045916242
1001340045916259
1001340045916267
1001340045916275
1001340045916283
1001340045916291
1001340045916309
1001340045916317
1001340045916325
1001340045916333
1001340045916341
1001340045916358
1001340045916366
1001340045916374
1001340045916382
1001340045916390
1001340045916408
1001340045916416
1001340045916424
1001340045916432
1001340045916440
1001340045916457
1001340045916465
1001340045916473
1001340045916481
1001340045916499
1001340045916507
1001340045916515
1001340045916523
1001340045916531
1001340045916549
1001340045916556
1001340045916564
1001340045916572
1001340045916580
1001340045916598
1001340045916606
1001340045916614
1001340045916622
1001340045916630
1001340045916648
1001340045916655
1001340045916663
1001340045916671
1001340045916689
1001340045916697
1001340045916705
1001340045916713
1001340045916721
1001340045916739
1001340045916747
1001340045916754
1001340045916762
1001340045916770
1001340045916788
1001340045916796
1001340045916804
1001340045916812
1001340045916820
1001340045916838
1001340045916846
1001340045916853
1001340045916861
1001340045916879
1001340045916887
1001340045916895
1001340045916903
1001340045916911
1001340045916929
1001340045916937
1001340045916945
1001340045916952
1001340045916960
1001340045916978
1001340045916986
1001340045916994
1001340045917000
1001340045917018
1001340045917026
1001340045917034
1001340045917042
1001340045917059
1001340045917067
1001340045917075
1001340045917083
1001340045917091
1001340045917109
1001340045917117
1001340045917125
1001340045917133
1001340045917141
1001340045917158
1001340045917166
1001340045917174
1001340045917182
1001340045917190
1001340045917208
1001340045917216
1001340045917224
1001340045917232
1001340045917240
1001340045917257
1001340045917265
1001340045917273
1001340045917281
1001340045917299
1001340045917307
1001340045917315
1001340045917323
1001340045917331
1001340045917349
1001340045917356
1001340045917364
1001340045917372
1001340045917380
1001340045917398
1001340045917406
1001340045917414
1001340045917422
1001340045917430
1001340045917448
1001340045917455
1001340045917463
1001340045917471
1001340045917489
1001340045917497
1001340045917505
1001340045917513
1001340045917521
1001340045917539
1001340045917547
1001340045917554
1001340045917562
1001340045917570
1001340045917588
1001340045917596
1001340045917604
1001340045917612
1001340045917620
1001340045917638
1001340045917646
1001340045917653
1001340045917661
1001340045917679
1001340045917687
1001340045917695
1001340045917703
1001340045917711
1001340045917729
1001340045917737
1001340045917745
1001340045917752
1001340045917760
1001340045917778
1001340045917786
1001340045917794
1001340045917802
1001340045917810
1001340045917828
1001340045917836
1001340045917844
1001340045917851
1001340045917869
1001340045917877
1001340045917885
1001340045917893
1001340045917901
1001340045917919
1001340045917927
1001340045917935
1001340045917943
1001340045917950
1001340045917968
1001340045917976
1001340045917984
1001340045917992
1001340045918008
1001340045918016
1001340045918024
1001340045918032
1001340045918040
1001340045918057
1001340045918065
1001340045918073
1001340045918081
1001340045918099
1001340045918107
1001340045918115
1001340045918123
1001340045918131
1001340045918149
1001340045918156
1001340045918164
1001340045918172
1001340045918180
1001340045918198
1001340045918206
1001340045918214
1001340045918222
1001340045918230
1001340045918248
1001340045918255
1001340045918263
1001340045918271
1001340045918289
1001340045918297
1001340045918305
1001340045918313
1001340045918321
1001340045918339
1001340045918347
1001340045918354
1001340045918362
1001340045918370
1001340045918388
1001340045918396
1001340045918404
1001340045918412
1001340045918420
1001340045918438
1001340045918446
1001340045918453
1001340045918461
1001340045918479
1001340045918487
1001340045918495
1001340045918503
1001340045918511
1001340045918529
1001340045918537
1001340045918545
1001340045918552
1001340045918560
1001340045918578
1001340045918586
1001340045918594
1001340045918602
1001340045918610
1001340045918628
1001340045918636
1001340045918644
1001340045918651
1001340045918669
1001340045918677
1001340045918685
1001340045918693
1001340045918701
1001340045918719
1001340045918727
1001340045918735
1001340045918743
1001340045918750
1001340045918768
1001340045918776
1001340045918784
1001340045918792
1001340045918800
1001340045918818
1001340045918826
1001340045918834
1001340045918842
1001340045918859
1001340045918867
1001340045918875
1001340045918883
1001340045918891
1001340045918909
1001340045918917
1001340045918925
1001340045918933
1001340045918941
1001340045918958
1001340045918966
1001340045918974
1001340045918982
1001340045918990
1001340045919006
1001340045919014
1001340045919022
1001340045919030
1001340045919048
1001340045919055
1001340045919063
1001340045919071
1001340045919089
1001340045919097
1001340045919105
1001340045919113
1001340045919121
1001340045919139
1001340045919147
1001340045919154
1001340045919162
1001340045919170
1001340045919188
1001340045919196
1001340045919204
1001340045919212
1001340045919220
1001340045919238
1001340045919246
1001340045919253
1001340045919261
1001340045919279
1001340045919287
1001340045919295
1001340045919303
1001340045919311
1001340045919329
1001340045919337
1001340045919345
1001340045919352
1001340045919360
1001340045919378
1001340045919386
1001340045919394
1001340045919402
1001340045919410
1001340045919428
1001340045919436
1001340045919444
1001340045919451
1001340045919469
1001340045919477
1001340045919485
1001340045919493
1001340045919501
1001340045919519
1001340045919527
1001340045919535
1001340045919543
1001340045919550
1001340045919568
1001340045919576
1001340045919584
1001340045919592
1001340045919600
1001340045919618
1001340045919626
1001340045919634
1001340045919642
1001340045919659
1001340045919667
1001340045919675
1001340045919683
1001340045919691
1001340045919709
1001340045919717
1001340045919725
1001340045919733
1001340045919741
1001340045919758
1001340045919766
1001340045919774
1001340045919782
1001340045919790
1001340045919808
1001340045919816
1001340045919824
1001340045919832
1001340045919840
1001340045919857
1001340045919865
1001340045919873
1001340045919881
1001340045919899
1001340045919907
1001340045919915
1001340045919923
1001340045919931
1001340045919949
1001340045919956
1001340045919964
1001340045919972
1001340045919980
1001340045919998
1001340045920004
1001340045920012
1001340045920020
1001340045920038
1001340045920046
1001340045920053
1001340045920061
1001340045920079
1001340045920087
1001340045920095
1001340045920103
1001340045920111
1001340045920129
1001340045920137
1001340045920145
1001340045920152
1001340045920160
1001340045920178
1001340045920186
1001340045920194
1001340045920202
1001340045920210
1001340045920228
1001340045920236
1001340045920244
1001340045920251
1001340045920269
1001340045920277
1001340045920285
1001340045920293
1001340045920301
1001340045920319
1001340045920327
1001340045920335
1001340045920343
1001340045920350
1001340045920368
1001340045920376
1001340045920384
1001340045920392
1001340045920400
1001340045920418
1001340045920426
1001340045920434
1001340045920442
1001340045920459
1001340045920467
1001340045920475
1001340045920483
1001340045920491
1001340045920509
1001340045920517
1001340045920525
1001340045920533
1001340045920541
1001340045920558
1001340045920566
1001340045920574
1001340045920582
1001340045920590
1001340045920608
1001340045920616
1001340045920624
1001340045920632
1001340045920640
1001340045920657
1001340045920665
1001340045920673
1001340045920681
1001340045920699
1001340045920707
1001340045920715
1001340045920723
1001340045920731
1001340045920749
1001340045920756
1001340045920764
1001340045920772
1001340045920780
1001340045920798
1001340045920806
1001340045920814
1001340045920822
1001340045920830
1001340045920848
1001340045920855
1001340045920863
1001340045920871
1001340045920889
1001340045920897
1001340045920905
1001340045920913
1001340045920921
1001340045920939
1001340045920947
1001340045920954
1001340045920962
1001340045920970
1001340045920988
1001340045920996
1001340045921002
1001340045921010
1001340045921028
1001340045921036
1001340045921044
1001340045921051
1001340045921069
1001340045921077
1001340045921085
1001340045921093
1001340045921101
1001340045921119
1001340045921127
1001340045921135
1001340045921143
1001340045921150
1001340045921168
1001340045921176
1001340045921184
1001340045921192
1001340045921200
1001340045921218
1001340045921226
1001340045921234
1001340045921242
1001340045921259
1001340045921267
1001340045921275
1001340045921283
1001340045921291
1001340045921309
1001340045921317
1001340045921325
1001340045921333
1001340045921341
1001340045921358
1001340045921366
1001340045921374
1001340045921382
1001340045921390
1001340045921408
1001340045921416
1001340045921424
1001340045921432
1001340045921440
1001340045921457
1001340045921465
1001340045921473
1001340045921481
1001340045921499
1001340045921507
1001340045921515
1001340045921523
1001340045921531
1001340045921549
1001340045921556
1001340045921564
1001340045921572
1001340045921580
1001340045921598
1001340045921606
1001340045921614
1001340045921622
1001340045921630
1001340045921648
1001340045921655
1001340045921663
1001340045921671
1001340045921689
1001340045921697
1001340045921705
1001340045921713
1001340045921721
1001340045921739
1001340045921747
1001340045921754
1001340045921762
1001340045921770
1001340045921788
1001340045921796
1001340045921804
1001340045921812
1001340045921820
1001340045921838
1001340045921846
1001340045921853
1001340045921861
1001340045921879
1001340045921887
1001340045921895
1001340045921903
1001340045921911
1001340045921929
1001340045921937
1001340045921945
1001340045921952
1001340045921960
1001340045921978
1001340045921986
1001340045921994
1001340045922000
1001340045922018
1001340045922026
1001340045922034
1001340045922042
1001340045922059
1001340045922067
1001340045922075
1001340045922083
1001340045922091
1001340045922109
1001340045922117
1001340045922125
1001340045922133
1001340045922141
1001340045922158
1001340045922166
1001340045922174
1001340045922182
1001340045922190
1001340045922208
1001340045922216
1001340045922224
1001340045922232
1001340045922240
1001340045922257
1001340045922265
1001340045922273
1001340045922281
1001340045922299
1001340045922307
1001340045922315
1001340045922323
1001340045922331
1001340045922349
1001340045922356
1001340045922364
1001340045922372
1001340045922380
1001340045922398
1001340045922406
1001340045922414
1001340045922422
1001340045922430
1001340045922448
1001340045922455
1001340045922463
1001340045922471
1001340045922489
1001340045922497
1001340045922505
1001340045922513
1001340045922521
1001340045922539
1001340045922547
1001340045922554
1001340045922562
1001340045922570
1001340045922588
1001340045922596
1001340045922604
1001340045922612
1001340045922620
1001340045922638
1001340045922646
1001340045922653
1001340045922661
1001340045922679
1001340045922687
1001340045922695
1001340045922703
1001340045922711
1001340045922729
1001340045922737
1001340045922745
1001340045922752
1001340045922760
1001340045922778
1001340045922786
1001340045922794
1001340045922802
1001340045922810
1001340045922828
1001340045922836
1001340045922844
1001340045922851
1001340045922869
1001340045922877
1001340045922885
1001340045922893
1001340045922901
1001340045922919
1001340045922927
1001340045922935
1001340045922943
1001340045922950
1001340045922968
1001340045922976
1001340045922984
1001340045922992
1001340045923008
1001340045923016
1001340045923024
1001340045923032
1001340045923040
1001340045923057
1001340045923065
1001340045923073
1001340045923081
1001340045923099
1001340045923107
1001340045923115
1001340045923123
1001340045923131
1001340045923149
1001340045923156
1001340045923164
1001340045923172
1001340045923180
1001340045923198
1001340045923206
1001340045923214
1001340045923222
1001340045923230
1001340045923248
1001340045923255
1001340045923263
1001340045923271
1001340045923289
1001340045923297
1001340045923305
1001340045923313
1001340045923321
1001340045923339
1001340045923347
1001340045923354
1001340045923362
1001340045923370
1001340045923388
1001340045923396
1001340045923404
1001340045923412
1001340045923420
1001340045923438
1001340045923446
1001340045923453
1001340045923461
1001340045923479
1001340045923487
1001340045923495
1001340045923503
1001340045923511
1001340045923529
1001340045923537
1001340045923545
1001340045923552
1001340045923560
1001340045923578
1001340045923586
1001340045923594
1001340045923602
1001340045923610
1001340045923628
1001340045923636
1001340045923644
1001340045923651
1001340045923669
1001340045923677
1001340045923685
1001340045923693
1001340045923701
1001340045923719
1001340045923727
1001340045923735
1001340045923743
1001340045923750
1001340045923768
1001340045923776
1001340045923784
1001340045923792
1001340045923800
1001340045923818
1001340045923826
1001340045923834
1001340045923842
1001340045923859
1001340045923867
1001340045923875
1001340045923883
1001340045923891
1001340045923909
1001340045923917
1001340045923925
1001340045923933
1001340045923941
1001340045923958
1001340045923966
1001340045923974
1001340045923982
1001340045923990
1001340045924006
1001340045924014
1001340045924022
1001340045924030
1001340045924048
1001340045924055
1001340045924063
1001340045924071
1001340045924089
1001340045924097
1001340045924105
1001340045924113
1001340045924121
1001340045924139
1001340045924147
1001340045924154
1001340045924162
1001340045924170
1001340045924188
1001340045924196
1001340045924204
1001340045924212
1001340045924220
1001340045924238
1001340045924246
1001340045924253
1001340045924261
1001340045924279
1001340045924287
1001340045924295
1001340045924303
1001340045924311
1001340045924329
1001340045924337
1001340045924345
1001340045924352
1001340045924360
1001340045924378
1001340045924386
1001340045924394
1001340045924402
1001340045924410
1001340045924428
1001340045924436
1001340045924444
1001340045924451
1001340045924469
1001340045924477
1001340045924485
1001340045924493
1001340045924501
1001340045924519
1001340045924527
1001340045924535
1001340045924543
1001340045924550
1001340045924568
1001340045924576
1001340045924584
1001340045924592
1001340045924600
1001340045924618
1001340045924626
1001340045924634
1001340045924642
1001340045924659
1001340045924667
1001340045924675
1001340045924683
1001340045924691
1001340045924709
1001340045924717
1001340045924725
1001340045924733
1001340045924741
1001340045924758
1001340045924766
1001340045924774
1001340045924782
1001340045924790
1001340045924808
1001340045924816
1001340045924824
1001340045924832
1001340045924840
1001340045924857
1001340045924865
1001340045924873
1001340045924881
1001340045924899
1001340045924907
1001340045924915
1001340045924923
1001340045924931
1001340045924949
1001340045924956
1001340045924964
1001340045924972
1001340045924980
1001340045924998
1001340045925003
1001340045925011
1001340045925029
1001340045925037
1001340045925045
1001340045925052
1001340045925060
1001340045925078
1001340045925086
1001340045925094
1001340045925102
1001340045925110
1001340045925128
1001340045925136
1001340045925144
1001340045925151
1001340045925169
1001340045925177
1001340045925185
1001340045925193
1001340045925201
1001340045925219
1001340045925227
1001340045925235
1001340045925243
1001340045925250
1001340045925268
1001340045925276
1001340045925284
1001340045925292
1001340045925300
1001340045925318
1001340045925326
1001340045925334
1001340045925342
1001340045925359
1001340045925367
1001340045925375
1001340045925383
1001340045925391
1001340045925409
1001340045925417
1001340045925425
1001340045925433
1001340045925441
1001340045925458
1001340045925466
1001340045925474
1001340045925482
1001340045925490
1001340045925508
1001340045925516
1001340045925524
1001340045925532
1001340045925540
1001340045925557
1001340045925565
1001340045925573
1001340045925581
1001340045925599
1001340045925607
1001340045925615
1001340045925623
1001340045925631
1001340045925649
1001340045925656
1001340045925664
1001340045925672
1001340045925680
1001340045925698
1001340045925706
1001340045925714
1001340045925722
1001340045925730
1001340045925748
1001340045925755
1001340045925763
1001340045925771
1001340045925789
1001340045925797
1001340045925805
1001340045925813
1001340045925821
1001340045925839
1001340045925847
1001340045925854
1001340045925862
1001340045925870
1001340045925888
1001340045925896
1001340045925904
1001340045925912
1001340045925920
1001340045925938
1001340045925946
1001340045925953
1001340045925961
1001340045925979
1001340045925987
1001340045925995
1001340045926001
1001340045926019
1001340045926027
1001340045926035
1001340045926043
1001340045926050
1001340045926068
1001340045926076
1001340045926084
1001340045926092
1001340045926100
1001340045926118
1001340045926126
1001340045926134
1001340045926142
1001340045926159
1001340045926167
1001340045926175
1001340045926183
1001340045926191
1001340045926209
1001340045926217
1001340045926225
1001340045926233
1001340045926241
1001340045926258
1001340045926266
1001340045926274
1001340045926282
1001340045926290
1001340045926308
1001340045926316
1001340045926324
1001340045926332
1001340045926340
1001340045926357
1001340045926365
1001340045926373
1001340045926381
1001340045926399
1001340045926407
1001340045926415
1001340045926423
1001340045926431
1001340045926449
1001340045926456
1001340045926464
1001340045926472
1001340045926480
1001340045926498
1001340045926506
1001340045926514
1001340045926522
1001340045926530
1001340045926548
1001340045926555
1001340045926563
1001340045926571
1001340045926589
1001340045926597
1001340045926605
1001340045926613
1001340045926621
1001340045926639
1001340045926647
1001340045926654
1001340045926662
1001340045926670
1001340045926688
1001340045926696
1001340045926704
1001340045926712
1001340045926720
1001340045926738
1001340045926746
1001340045926753
1001340045926761
1001340045926779
1001340045926787
1001340045926795
1001340045926803
1001340045926811
1001340045926829
1001340045926837
1001340045926845
1001340045926852
1001340045926860
1001340045926878
1001340045926886
1001340045926894
1001340045926902
1001340045926910
1001340045926928
1001340045926936
1001340045926944
1001340045926951
1001340045926969
1001340045926977
1001340045926985
1001340045926993
1001340045927009
1001340045927017
1001340045927025
1001340045927033
1001340045927041
1001340045927058
1001340045927066
1001340045927074
1001340045927082
1001340045927090
1001340045927108
1001340045927116
1001340045927124
1001340045927132
1001340045927140
1001340045927157
1001340045927165
1001340045927173
1001340045927181
1001340045927199
1001340045927207
1001340045927215
1001340045927223
1001340045927231
1001340045927249
1001340045927256
1001340045927264
1001340045927272
1001340045927280
1001340045927298
1001340045927306
1001340045927314
1001340045927322
1001340045927330
1001340045927348
1001340045927355
1001340045927363
1001340045927371
1001340045927389
1001340045927397
1001340045927405
1001340045927413
1001340045927421
1001340045927439
1001340045927447
1001340045927454
1001340045927462
1001340045927470
1001340045927488
1001340045927496
1001340045927504
1001340045927512
1001340045927520
1001340045927538
1001340045927546
1001340045927553
1001340045927561
1001340045927579
1001340045927587
1001340045927595
1001340045927603
1001340045927611
1001340045927629
1001340045927637
1001340045927645
1001340045927652
1001340045927660
1001340045927678
1001340045927686
1001340045927694
1001340045927702
1001340045927710
1001340045927728
1001340045927736
1001340045927744
1001340045927751
1001340045927769
1001340045927777
1001340045927785
1001340045927793
1001340045927801
1001340045927819
1001340045927827
1001340045927835
1001340045927843
1001340045927850
1001340045927868
1001340045927876
1001340045927884
1001340045927892
1001340045927900
1001340045927918
1001340045927926
1001340045927934
1001340045927942
1001340045927959
1001340045927967
1001340045927975
1001340045927983
1001340045927991
1001340045928007
1001340045928015
1001340045928023
1001340045928031
1001340045928049
1001340045928056
1001340045928064
1001340045928072
1001340045928080
1001340045928098
1001340045928106
1001340045928114
1001340045928122
1001340045928130
1001340045928148
1001340045928155
1001340045928163
1001340045928171
1001340045928189
1001340045928197
1001340045928205
1001340045928213
1001340045928221
1001340045928239
1001340045928247
1001340045928254
1001340045928262
1001340045928270
1001340045928288
1001340045928296
1001340045928304
1001340045928312
1001340045928320
1001340045928338
1001340045928346
1001340045928353
1001340045928361
1001340045928379
1001340045928387
1001340045928395
1001340045928403
1001340045928411
1001340045928429
1001340045928437
1001340045928445
1001340045928452
1001340045928460
1001340045928478
1001340045928486
1001340045928494
1001340045928502
1001340045928510
1001340045928528
1001340045928536
1001340045928544
1001340045928551
1001340045928569
1001340045928577
1001340045928585
1001340045928593
1001340045928601
1001340045928619
1001340045928627
1001340045928635
1001340045928643
1001340045928650
1001340045928668
1001340045928676
1001340045928684
1001340045928692
1001340045928700
1001340045928718
1001340045928726
1001340045928734
1001340045928742
1001340045928759
1001340045928767
1001340045928775
1001340045928783
1001340045928791
1001340045928809
1001340045928817
1001340045928825
1001340045928833
1001340045928841
1001340045928858
1001340045928866
1001340045928874
1001340045928882
1001340045928890
1001340045928908
1001340045928916
1001340045928924
1001340045928932
1001340045928940
1001340045928957
1001340045928965
1001340045928973
1001340045928981
1001340045928999
1001340045929005
1001340045929013
1001340045929021
1001340045929039
1001340045929047
1001340045929054
1001340045929062
1001340045929070
1001340045929088
1001340045929096
1001340045929104
1001340045929112
1001340045929120
1001340045929138
1001340045929146
1001340045929153
1001340045929161
1001340045929179
1001340045929187
1001340045929195
1001340045929203
1001340045929211
1001340045929229
1001340045929237
1001340045929245
1001340045929252
1001340045929260
1001340045929278
1001340045929286
1001340045929294
1001340045929302
1001340045929310
1001340045929328
1001340045929336
1001340045929344
1001340045929351
1001340045929369
1001340045929377
1001340045929385
1001340045929393
1001340045929401
1001340045929419
1001340045929427
1001340045929435
1001340045929443
1001340045929450
1001340045929468
1001340045929476
1001340045929484
1001340045929492
1001340045929500
1001340045929518
1001340045929526
1001340045929534
1001340045929542
1001340045929559
1001340045929567
1001340045929575
1001340045929583
1001340045929591
1001340045929609
1001340045929617
1001340045929625
1001340045929633
1001340045929641
1001340045929658
1001340045929666
1001340045929674
1001340045929682
1001340045929690
1001340045929708
1001340045929716
1001340045929724
1001340045929732
1001340045929740
1001340045929757
1001340045929765
1001340045929773
1001340045929781
1001340045929799
1001340045929807
1001340045929815
1001340045929823
1001340045929831
1001340045929849
1001340045929856
1001340045929864
1001340045929872
1001340045929880
1001340045929898
1001340045929906
1001340045929914
1001340045929922
1001340045929930
1001340045929948
1001340045929955
1001340045929963
1001340045929971
1001340045929989
1001340045929997