1001340042972008
1001340042972016
1001340042972024
1001340042972032
1001340042972040
1001340042972065
1001340042972081
1001340042972099
1001340042972107
1001340042972115
1001340042972123
1001340042972131
1001340042972156
1001340042972164
1001340042972149
1001340042972172
1001340042972180
1001340042972206
1001340042972214
1001340042972248
1001340042972230
1001340042972255
1001340042972263
1001340042972271
1001340042972289
1001340042972297
1001340042972313
1001340042972321
1001340042972305
1001340042972354
1001340042972347
1001340042972339
1001340042972362
1001340042972388
1001340042972370
1001340042972396
1001340042972404
1001340042972412
1001340042972420
1001340042972438
1001340042972446
1001340042972461
1001340042972487
1001340042972495
1001340042972503
1001340042972511
1001340042972529
1001340042972537
1001340042972545
1001340042972552
1001340042972560
1001340042972578
1001340042972586
1001340042972594
1001340042972602
1001340042972628
1001340042972610
1001340042972651
1001340042972644
1001340042972669
1001340042972677
1001340042972685
1001340042972693
1001340042972701
1001340042972727
1001340042972719
1001340042972735
1001340042972743
1001340042972750
1001340042972776
1001340042972784
1001340042972792
1001340042972800
1001340042972818
1001340042972826
1001340042972834
1001340042972842
1001340042972867
1001340042972859
1001340042972875
1001340042972883
1001340042972909
1001340042972917
1001340042972925
1001340042972933
1001340042972941
1001340042972958
1001340042972966
1001340042972974
1001340042972982
1001340042973014
1001340042973022
1001340042973030
1001340042973055
1001340042973063
1001340042973071
1001340042973089
1001340042973097
1001340042973105
1001340042973113
1001340042973121
1001340042973147
1001340042973139
1001340042973154
1001340042973170
1001340042973162
1001340042973196
1001340042973212
1001340042973204
1001340042973220
1001340042973238
1001340042973246
1001340042973261
1001340042973253
1001340042973279
1001340042973287
1001340042973295
1001340042973303
1001340042973311
1001340042973329
1001340042973337
1001340042973345
1001340042973352
1001340042973360
1001340042973378
1001340042973386
1001340042973394
1001340042973402
1001340042973410
1001340042973428
1001340042973444
1001340042973436
1001340042973451
1001340042973469
1001340042973477
1001340042973485
1001340042973501
1001340042973493
1001340042973519
1001340042973527
1001340042973535
1001340042973543
1001340042973576
1001340042973550
1001340042973584
1001340042973592
1001340042973600
1001340042973618
1001340042973626
1001340042973634
1001340042973659
1001340042973675
1001340042973691
1001340042973709
1001340042973683
1001340042973717
1001340042973733
1001340042973741
1001340042973758
1001340042973774
1001340042973782
1001340042973790
1001340042973816
1001340042973808
1001340042973840
1001340042973832
1001340042973824
1001340042973857
1001340042973865
1001340042973873
1001340042973881
1001340042973899
1001340042973907
1001340042973915
1001340042973923
1001340042973931
1001340042973949
1001340042973964
1001340042973956
1001340042973972
1001340042973980
1001340042974004
1001340042974012
1001340042974020
1001340042974046
1001340042974038
1001340042974053
1001340042974079
1001340042974061
1001340042974087
1001340042974095
1001340042974111
1001340042974129
1001340042974137
1001340042974145
1001340042974152
1001340042974178
1001340042974186
1001340042974202
1001340042974210
1001340042974228
1001340042974244
1001340042974236
1001340042974251
1001340042974269
1001340042974277
1001340042974285
1001340042974301
1001340042974293
1001340042974319
1001340042974327
1001340042974335
1001340042974343
1001340042974368
1001340042974384
1001340042974376
1001340042974392
1001340042974418
1001340042974426
1001340042974400
1001340042974442
1001340042974434
1001340042974459
1001340042974467
1001340042974475
1001340042974483
1001340042974491
1001340042974517
1001340042974509
1001340042974525
1001340042974533
1001340042974541
1001340042974558
1001340042974574
1001340042974566
1001340042974582
1001340042974590
1001340042974608
1001340042974624
1001340042974616
1001340042974632
1001340042974640
1001340042974665
1001340042974657
1001340042974673
1001340042974681
1001340042974699
1001340042974707
1001340042974715
1001340042974723
1001340042974731
1001340042974749
1001340042974756
1001340042974764
1001340042974772
1001340042974780
1001340042974806
1001340042974814
1001340042974830
1001340042974848
1001340042974855
1001340042974863
1001340042974897
1001340042974871
1001340042974889
1001340042974905
1001340042974913
1001340042974921
1001340042974939
1001340042974947
1001340042974954
1001340042974970
1001340042974962
1001340042974988
1001340042974996
1001340042975001
1001340042975019
1001340042975027
1001340042975035
1001340042975050
1001340042975068
1001340042975076
1001340042975092
1001340042975084
1001340042975100
1001340042975118
1001340042975126
1001340042975134
1001340042975159
1001340042975142
1001340042975167
1001340042975175
1001340042975191
1001340042975183
1001340042975209
1001340042975217
1001340042975225
1001340042975233
1001340042975241
1001340042975258
1001340042975274
1001340042975266
1001340042975290
1001340042975308
1001340042975316
1001340042975332
1001340042975340
1001340042975357
1001340042975365
1001340042975381
1001340042975399
1001340042975407
1001340042975415
1001340042975423
1001340042975431
1001340042975449
1001340042975373
1001340042975456
1001340042975464
1001340042975480
1001340042975472
1001340042975498
1001340042975506
1001340042975514
1001340042975522
1001340042975530
1001340042975548
1001340042975555
1001340042975563
1001340042975571
1001340042975589
1001340042975597
1001340042975605
1001340042975621
1001340042975639
1001340042975647
1001340042975662
1001340042975670
1001340042975688
1001340042975654
1001340042975704
1001340042975712
1001340042975720
1001340042975738
1001340042975746
1001340042975779
1001340042975753
1001340042975761
1001340042975795
1001340042975811
1001340042975829
1001340042975845
1001340042975852
1001340042975860
1001340042975878
1001340042975886
1001340042975894
1001340042975902
1001340042975910
1001340042975928
1001340042975936
1001340042975944
1001340042975951
1001340042975969
1001340042975977
1001340042975985
1001340042975993
1001340042976009
1001340042976017
1001340042976025
1001340042976033
1001340042976041
1001340042976058
1001340042976066
1001340042976074
1001340042976082
1001340042976090
1001340042976108
1001340042976116
1001340042976124
1001340042976140
1001340042976132
1001340042976157
1001340042976165
1001340042976173
1001340042976181
1001340042976199
1001340042976215
1001340042976223
1001340042976207
1001340042976231
1001340042976256
1001340042976249
1001340042976264
1001340042976272
1001340042976280
1001340042976298
1001340042976314
1001340042976306
1001340042976322
1001340042976330
1001340042976348
1001340042976355
1001340042976363
1001340042976371
1001340042976397
1001340042976389
1001340042976405
1001340042976413
1001340042976421
1001340042976439
1001340042976454
1001340042976447
1001340042976462
1001340042976470
1001340042976488
1001340042976496
1001340042976504
1001340042976512
1001340042976520
1001340042976538
1001340042976546
1001340042976553
1001340042976561
1001340042976587
1001340042976579
1001340042976595
1001340042976603
1001340042976611
1001340042976637
1001340042976645
1001340042976629
1001340042976652
1001340042976678
1001340042976660
1001340042976694
1001340042976702
1001340042976686
1001340042976728
1001340042976710
1001340042976744
1001340042976751
1001340042976769
1001340042976777
1001340042976785
1001340042976793
1001340042976801
1001340042976819
1001340042976827
1001340042976835
1001340042976843
1001340042976850
1001340042976868
1001340042976884
1001340042976918
1001340042976892
1001340042976900
1001340042976926
1001340042976934
1001340042976942
1001340042976967
1001340042976991
1001340042977007
1001340042977015
1001340042977031
1001340042977049
1001340042977056
1001340042977064
1001340042977072
1001340042977080
1001340042977106
1001340042977114
1001340042977098
1001340042977130
1001340042977122
1001340042977148
1001340042977155
1001340042977163
1001340042977171
1001340042977189
1001340042977205
1001340042977197
1001340042977213
1001340042977221
1001340042977239
1001340042977247
1001340042977262
1001340042977254
1001340042977270
1001340042977288
1001340042977296
1001340042977304
1001340042977312
1001340042977320
1001340042977346
1001340042977338
1001340042977361
1001340042977379
1001340042977395
1001340042977403
1001340042977387
1001340042977411
1001340042977429
1001340042977445
1001340042977437
1001340042977478
1001340042977460
1001340042977486
1001340042977502
1001340042977494
1001340042977528
1001340042977536
1001340042977544
1001340042977551
1001340042977569
1001340042977577
1001340042977585
1001340042977593
1001340042977619
1001340042977601
1001340042977627
1001340042977643
1001340042977635
1001340042977650
1001340042977676
1001340042977668
1001340042977684
1001340042977692
1001340042977700
1001340042977718
1001340042977734
1001340042977742
1001340042977759
1001340042977775
1001340042977783
1001340042977791
1001340042977809
1001340042977817
1001340042977833
1001340042977825
1001340042977841
1001340042977858
1001340042977874
1001340042977866
1001340042977882
1001340042977890
1001340042977916
1001340042977908
1001340042977924
1001340042977940
1001340042977932
1001340042977957
1001340042977965
1001340042977973
1001340042977981
1001340042977999
1001340042978005
1001340042978013
1001340042978021
1001340042978039
1001340042978047
1001340042978062
1001340042978054
1001340042978070
1001340042978088
1001340042978096
1001340042978104
1001340042978112
1001340042978120
1001340042978138
1001340042978146
1001340042978153
1001340042978187
1001340042978179
1001340042978195
1001340042978203
1001340042978229
1001340042978211
1001340042978237
1001340042978245
1001340042978252
1001340042978260
1001340042978286
1001340042978294
1001340042978310
1001340042978328
1001340042978344
1001340042978351
1001340042978377
1001340042978369
1001340042978385
1001340042978401
1001340042978419
1001340042978427
1001340042978435
1001340042978450
1001340042978443
1001340042978476
1001340042978468
1001340042978484
1001340042978492
1001340042978500
1001340042978518
1001340042978526
1001340042978542
1001340042978559
1001340042978534
1001340042978567
1001340042978591
1001340042978575
1001340042978583
1001340042978617
1001340042978609
1001340042978625
1001340042978633
1001340042978641
1001340042978666
1001340042978674
1001340042978682
1001340042978690
1001340042978708
1001340042978716
1001340042978740
1001340042978732
1001340042978757
1001340042978773
1001340042978765
1001340042978799
1001340042978807
1001340042978815
1001340042978823
1001340042978831
1001340042978856
1001340042978864
1001340042978880
1001340042978872
1001340042978898
1001340042978906
1001340042978914
1001340042978922
1001340042978930
1001340042978955
1001340042978948
1001340042978963
1001340042978971
1001340042978989
1001340042978997
1001340042979003
1001340042979011
1001340042979029
1001340042979037
1001340042979045
1001340042979052
1001340042979060
1001340042979078
1001340042979086
1001340042979102
1001340042979110
1001340042979094
1001340042979144
1001340042979128
1001340042979136
1001340042979151
1001340042979177
1001340042979169
1001340042979185
1001340042979201
1001340042979193
1001340042979219
1001340042979227
1001340042979235
1001340042979243
1001340042979268
1001340042979276
1001340042979284
1001340042979292
1001340042979300
1001340042979318
1001340042979326
1001340042979334
1001340042979342
1001340042979359
1001340042979367
1001340042979375
1001340042979383
1001340042979391
1001340042979409
1001340042979417
1001340042979433
1001340042979425
1001340042979441
1001340042979458
1001340042979466
1001340042979474
1001340042979482
1001340042979490
1001340042979508
1001340042979516
1001340042979524
1001340042979540
1001340042979557
1001340042979565
1001340042979581
1001340042979599
1001340042979607
1001340042979615
1001340042979623
1001340042979631
1001340042979649
1001340042979656
1001340042979672
1001340042979664
1001340042979680
1001340042979706
1001340042979698
1001340042979714
1001340042979722
1001340042979730
1001340042979748
1001340042979755
1001340042979763
1001340042979771
1001340042979789
1001340042979797
1001340042979805
1001340042979813
1001340042979821
1001340042979839
1001340042979847
1001340042979888
1001340042979870
1001340042979904
1001340042979896
1001340042979912
1001340042979920
1001340042979946
1001340042979953
1001340042979961
1001340042979979
1001340042979995
1001340042979987
1001340042980001
1001340042980019
1001340042980027
1001340042980043
1001340042980050
1001340042980035
1001340042980068
1001340042980076
1001340042980084
1001340042980092
1001340042980100
1001340042980118
1001340042980126
1001340042980134
1001340042980159
1001340042980167
1001340042980175
1001340042980183
1001340042980191
1001340042980209
1001340042980225
1001340042980217
1001340042980233
1001340042980241
1001340042980258
1001340042980266
1001340042980274
1001340042980282
1001340042980290
1001340042980308
1001340042980316
1001340042980324
1001340042980332
1001340042980340
1001340042980357
1001340042980365
1001340042980373
1001340042980381
1001340042980399
1001340042980407
1001340042980415
1001340042980423
1001340042980431
1001340042980449
1001340042980464
1001340042980456
1001340042980472
1001340042980480
1001340042980498
1001340042980506
1001340042980514
1001340042980522
1001340042980530
1001340042980548
1001340042980555
1001340042980563
1001340042980571
1001340042980597
1001340042980605
1001340042980613
1001340042980621
1001340042980639
1001340042980647
1001340042980654
1001340042980662
1001340042980670
1001340042980688
1001340042980696
1001340042980704
1001340042980712
1001340042980720
1001340042980738
1001340042980746
1001340042980753
1001340042980761
1001340042980779
1001340042980787
1001340042980795
1001340042980803
1001340042980829
1001340042980837
1001340042980845
1001340042980852
1001340042980878
1001340042980860
1001340042980886
1001340042980894
1001340042980902
1001340042980910
1001340042980936
1001340042980928
1001340042980944
1001340042980951
1001340042980969
1001340042980977
1001340042980985
1001340042980993
1001340042981009
1001340042981033
1001340042981025
1001340042981041
1001340042981058
1001340042981066
1001340042981074
1001340042981090
1001340042981082
1001340042981108
1001340042981124
1001340042981116
1001340042981132
1001340042981140
1001340042981157
1001340042981165
1001340042981181
1001340042981173
1001340042981199
1001340042981207
1001340042981215
1001340042981223
1001340042981231
1001340042981249
1001340042981256
1001340042981264
1001340042981272
1001340042981298
1001340042981306
1001340042981314
1001340042981322
1001340042981330
1001340042981363
1001340042981348
1001340042981371
1001340042981389
1001340042981405
1001340042981413
1001340042981397
1001340042981421
1001340042981439
1001340042981447
1001340042981454
1001340042981462
1001340042981470
1001340042981488
1001340042981512
1001340042981520
1001340042981546
1001340042981561
1001340042981579
1001340042981587
1001340042981595
1001340042981603
1001340042981611
1001340042981629
1001340042981637
1001340042981645
1001340042981652
1001340042981660
1001340042981678
1001340042981686
1001340042981694
1001340042981702
1001340042981710
1001340042981728
1001340042981736
1001340042981744
1001340042981751
1001340042981769
1001340042981777
1001340042981785
1001340042981819
1001340042981801
1001340042981827
1001340042981843
1001340042981835
1001340042981868
1001340042981850
1001340042981876
1001340042981884
1001340042981892
1001340042981900
1001340042981926
1001340042981918
1001340042981934
1001340042981942
1001340042981959
1001340042981967
1001340042981975
1001340042981983
1001340042981991
1001340042982015
1001340042982023
1001340042982031
1001340042982049
1001340042982056
1001340042982064
1001340042982080
1001340042982098
1001340042982114
1001340042982122
1001340042982148
1001340042982155
1001340042982130
1001340042982163
1001340042982171
1001340042982189
1001340042982205
1001340042982197
1001340042982213
1001340042982221
1001340042982239
1001340042982247
1001340042982262
1001340042982254
1001340042982270
1001340042982288
1001340042982296
1001340042982304
1001340042982320
1001340042982338
1001340042982346
1001340042982361
1001340042982353
1001340042982379
1001340042982387
1001340042982395
1001340042982403
1001340042982411
1001340042982429
1001340042982437
1001340042982452
1001340042982445
1001340042982460
1001340042982478
1001340042982486
1001340042982494
1001340042982502
1001340042982510
1001340042982528
1001340042982544
1001340042982551
1001340042982569
1001340042982577
1001340042982585
1001340042982619
1001340042982601
1001340042982627
1001340042982635
1001340042982650
1001340042982668
1001340042982676
1001340042982684
1001340042982692
1001340042982700
1001340042982718
1001340042982726
1001340042982734
1001340042982742
1001340042982759
1001340042982767
1001340042982775
1001340042982783
1001340042982791
1001340042982809
1001340042982825
1001340042982833
1001340042982841
1001340042982858
1001340042982866
1001340042982874
1001340042982882
1001340042982890
1001340042982916
1001340042982932
1001340042982924
1001340042982940
1001340042982957
1001340042982981
1001340042982999
1001340042983005
1001340042983013
1001340042983021
1001340042983039
1001340042983047
1001340042983054
1001340042983070
1001340042983088
1001340042983062
1001340042983096
1001340042983104
1001340042983120
1001340042983112
1001340042983138
1001340042983146
1001340042983153
1001340042983161
1001340042983179
1001340042983187
1001340042983203
1001340042983211
1001340042983229
1001340042983237
1001340042983245
1001340042983260
1001340042983252
1001340042983278
1001340042983302
1001340042983328
1001340042983310
1001340042983336
1001340042983351
1001340042983377
1001340042983385
1001340042983393
1001340042983401
1001340042983419
1001340042983427
1001340042983435
1001340042983450
1001340042983443
1001340042983476
1001340042983484
1001340042983492
1001340042983500
1001340042983518
1001340042983526
1001340042983534
1001340042983542
1001340042983559
1001340042983567
1001340042983575
1001340042983583
1001340042983591
1001340042983609
1001340042983617
1001340042983625
1001340042983633
1001340042983658
1001340042983641
1001340042983666
1001340042983674
1001340042983682
1001340042983690
1001340042983708
1001340042983716
1001340042983724
1001340042983732
1001340042983740
1001340042983765
1001340042983773
1001340042983757
1001340042983799
1001340042983781
1001340042983807
1001340042983815
1001340042983831
1001340042983823
1001340042983849
1001340042983856
1001340042983864
1001340042983872
1001340042983880
1001340042983898
1001340042983906
1001340042983914
1001340042983922
1001340042983948
1001340042983955
1001340042983971
1001340042983963
1001340042983989
1001340042984003
1001340042984011
1001340042983997
1001340042984029
1001340042984037
1001340042984045
1001340042984052
1001340042984060
1001340042984086
1001340042984078
1001340042984094
1001340042984102
1001340042984110
1001340042984128
1001340042984144
1001340042984136
1001340042984169
1001340042984185
1001340042984177
1001340042984193
1001340042984201
1001340042984219
1001340042984227
1001340042984243
1001340042984235
1001340042984250
1001340042984268
1001340042984276
1001340042984284
1001340042984292
1001340042984318
1001340042984300
1001340042984326
1001340042984342
1001340042984359
1001340042984367
1001340042984375
1001340042984383
1001340042984391
1001340042984409
1001340042984425
1001340042984417
1001340042984433
1001340042984441
1001340042984458
1001340042984466
1001340042984474
1001340042984490
1001340042984508
1001340042984532
1001340042984524
1001340042984516
1001340042984557
1001340042984565
1001340042984540
1001340042984573
1001340042984599
1001340042984581
1001340042984607
1001340042984623
1001340042984615
1001340042984649
1001340042984656
1001340042984664
1001340042984680
1001340042984672
1001340042984698
1001340042984706
1001340042984714
1001340042984722
1001340042984730
1001340042984748
1001340042984755
1001340042984771
1001340042984789
1001340042984763
1001340042984797
1001340042984813
1001340042984805
1001340042984821
1001340042984839
1001340042984847
1001340042984862
1001340042984870
1001340042984854
1001340042984888
1001340042984904
1001340042984938
1001340042984912
1001340042984920
1001340042984946
1001340042984953
1001340042984961
1001340042984979
1001340042984987
1001340042984995
1001340042985026
1001340042985000
1001340042985018
1001340042985059
1001340042985034
1001340042985067
1001340042985042
1001340042985075
1001340042985083
1001340042985109
1001340042985091
1001340042985117
1001340042985133
1001340042985141
1001340042985125
1001340042985158
1001340042985174
1001340042985166
1001340042985182
1001340042985208
1001340042985190
1001340042985216
1001340042985232
1001340042985224
1001340042985273
1001340042985299
1001340042985281
1001340042985315
1001340042985323
1001340042985307
1001340042985331
1001340042985349
1001340042985364
1001340042985372
1001340042985356
1001340042985380
1001340042985398
1001340042985406
1001340042985414
1001340042985422
1001340042985448
1001340042985455
1001340042985463
1001340042985471
1001340042985497
1001340042985489
1001340042985505
1001340042985513
1001340042985539
1001340042985521
1001340042985547
1001340042985554
1001340042985570
1001340042985588
1001340042985596
1001340042985604
1001340042985620
1001340042985612
1001340042985638
1001340042985646
1001340042985653
1001340042985661
1001340042985679
1001340042985687
1001340042985703
1001340042985695
1001340042985711
1001340042985729
1001340042985737
1001340042985745
1001340042985760
1001340042985794
1001340042985786
1001340042985802
1001340042985810
1001340042985851
1001340042985836
1001340042985869
1001340042985877
1001340042985885
1001340042985893
1001340042985901
1001340042985919
1001340042985927
1001340042985935
1001340042985943
1001340042985950
1001340042985968
1001340042985976
1001340042985984
1001340042985992
1001340042986008
1001340042986016
1001340042986032
1001340042986040
1001340042986057
1001340042986065
1001340042986073
1001340042986081
1001340042986107
1001340042986099
1001340042986115
1001340042986131
1001340042986123
1001340042986149
1001340042986156
1001340042986164
1001340042986172
1001340042986180
1001340042986198
1001340042986206
1001340042986214
1001340042986222
1001340042986230
1001340042986248
1001340042986263
1001340042986255
1001340042986271
1001340042986289
1001340042986297
1001340042986305
1001340042986313
1001340042986347
1001340042986339
1001340042986321
1001340042986370
1001340042986354
1001340042986396
1001340042986388
1001340042986404
1001340042986412
1001340042986420
1001340042986446
1001340042986438
1001340042986453
1001340042986461
1001340042986479
1001340042986487
1001340042986495
1001340042986511
1001340042986503
1001340042986529
1001340042986537
1001340042986545
1001340042986552
1001340042986560
1001340042986578
1001340042986586
1001340042986594
1001340042986602
1001340042986610
1001340042986636
1001340042986644
1001340042986669
1001340042986677
1001340042986685
1001340042986693
1001340042986701
1001340042986727
1001340042986735
1001340042986768
1001340042986750
1001340042986743
1001340042986776
1001340042986792
1001340042986800
1001340042986818
1001340042986826
1001340042986842
1001340042986859
1001340042986867
1001340042986875
1001340042986891
1001340042986909
1001340042986917
1001340042986925
1001340042986941
1001340042986958
1001340042986966
1001340042986974
1001340042986982
1001340042986990
1001340042987006
1001340042987022
1001340042987030
1001340042987048
1001340042987055
1001340042987063
1001340042987089
1001340042987071
1001340042987097
1001340042987113
1001340042987105
1001340042987121
1001340042987147
1001340042987154
1001340042987162
1001340042987170
1001340042987188
1001340042987196
1001340042987204
1001340042987212
1001340042987220
1001340042987246
1001340042987261
1001340042987253
1001340042987279
1001340042987295
1001340042987287
1001340042987303
1001340042987311
1001340042987329
1001340042987337
1001340042987345
1001340042987352
1001340042987360
1001340042987378
1001340042987386
1001340042987402
1001340042987394
1001340042987410
1001340042987428
1001340042987436
1001340042987444
1001340042987469
1001340042987477
1001340042987485
1001340042987493
1001340042987501
1001340042987527
1001340042987519
1001340042987535
1001340042987543
1001340042987550
1001340042987568
1001340042987576
1001340042987584
1001340042987600
1001340042987592
1001340042987626
1001340042987618
1001340042987642
1001340042987634
1001340042987659
1001340042987667
1001340042987675
1001340042987683
1001340042987691
1001340042987709
1001340042987717
1001340042987725
1001340042987733
1001340042987741
1001340042987758
1001340042987766
1001340042987774
1001340042987790
1001340042987782
1001340042987808
1001340042987832
1001340042987816
1001340042987824
1001340042987840
1001340042987857
1001340042987865
1001340042987873
1001340042987881
1001340042987899
1001340042987907
1001340042987915
1001340042987931
1001340042987923
1001340042987949
1001340042987964
1001340042987956
1001340042987972
1001340042987998
1001340042987980
1001340042988004
1001340042988012
1001340042988020
1001340042988038
1001340042988053
1001340042988061
1001340042988079
1001340042988087
1001340042988095
1001340042988129
1001340042988103
1001340042988111
1001340042988137
1001340042988152
1001340042988160
1001340042988145
1001340042988178
1001340042988186
1001340042988194
1001340042988202
1001340042988210
1001340042988236
1001340042988244
1001340042988228
1001340042988251
1001340042988269
1001340042988277
1001340042988285
1001340042988301
1001340042988293
1001340042988319
1001340042988335
1001340042988350
1001340042988343
1001340042988368
1001340042988376
1001340042988392
1001340042988426
1001340042988418
1001340042988434
1001340042988442
1001340042988459
1001340042988467
1001340042988475
1001340042988483
1001340042988491
1001340042988517
1001340042988525
1001340042988541
1001340042988533
1001340042988558
1001340042988566
1001340042988582
1001340042988574
1001340042988590
1001340042988608
1001340042988616
1001340042988624
1001340042988632
1001340042988640
1001340042988657
1001340042988673
1001340042988681
1001340042988699
1001340042988715
1001340042988749
1001340042988723
1001340042988731
1001340042988772
1001340042988764
1001340042988756
1001340042988780
1001340042988806
1001340042988798
1001340042988814
1001340042988822
1001340042988830
1001340042988848
1001340042988863
1001340042988871
1001340042988889
1001340042988897
1001340042988905
1001340042988913
1001340042988939
1001340042988921
1001340042988947
1001340042988954
1001340042988962
1001340042988970
1001340042988988
1001340042988996
1001340042989028
1001340042989002
1001340042989010
1001340042989051
1001340042989044
1001340042989036
1001340042989077
1001340042989069
1001340042989085
1001340042989093
1001340042989101
1001340042989119
1001340042989127
1001340042989135
1001340042989143
1001340042989168
1001340042989150
1001340042989176
1001340042989184
1001340042989192
1001340042989200
1001340042989218
1001340042989226
1001340042989242
1001340042989259
1001340042989267
1001340042989275
1001340042989283
1001340042989309
1001340042989317
1001340042989325
1001340042989333
1001340042989341
1001340042989358
1001340042989366
1001340042989374
1001340042989390
1001340042989408
1001340042989416
1001340042989424
1001340042989440
1001340042989457
1001340042989465
1001340042989481
1001340042989473
1001340042989515
1001340042989499
1001340042989507
1001340042989531
1001340042989523
1001340042989549
1001340042989556
1001340042989564
1001340042989572
1001340042989580
1001340042989598
1001340042989606
1001340042989614
1001340042989622
1001340042989648
1001340042989663
1001340042989655
1001340042989671
1001340042989689
1001340042989697
1001340042989721
1001340042989713
1001340042989739
1001340042989747
1001340042989754
1001340042989762
1001340042989788
1001340042989770
1001340042989796
1001340042989804
1001340042989812
1001340042989820
1001340042989838
1001340042989846
1001340042989861
1001340042989853
1001340042989887
1001340042989895
1001340042989903
1001340042989929
1001340042989911
1001340042989937
1001340042989945
1001340042989952
1001340042989960
1001340042989978
1001340042989994
1001340042989986
1001340042990000
1001340042990018
1001340042990026
1001340042990034
1001340042990042
1001340042990067
1001340042990059
1001340042990075
1001340042990091
1001340042990083
1001340042990109
1001340042990117
1001340042990125
1001340042990141
1001340042990133
1001340042990174
1001340042990182
1001340042990190
1001340042990208
1001340042990224
1001340042990216
1001340042990232
1001340042990240
1001340042990257
1001340042990265
1001340042990299
1001340042990273
1001340042990281
1001340042990307
1001340042990323
1001340042990315
1001340042990331
1001340042990349
1001340042990356
1001340042990364
1001340042990372
1001340042990380
1001340042990398
1001340042990406
1001340042990414
1001340042990422
1001340042990448
1001340042990430
1001340042990455
1001340042990463
1001340042990471
1001340042990489
1001340042990497
1001340042990513
1001340042990539
1001340042990547
1001340042990554
1001340042990570
1001340042990588
1001340042990596
1001340042990604
1001340042990612
1001340042990620
1001340042990638
1001340042990646
1001340042990661
1001340042990679
1001340042990687
1001340042990695
1001340042990703
1001340042990711
1001340042990729
1001340042990737
1001340042990745
1001340042990752
1001340042990760
1001340042990778
1001340042990786
1001340042990794
1001340042990810
1001340042990802
1001340042990828
1001340042990836
1001340042990844
1001340042990851
1001340042990869
1001340042990877
1001340042990885
1001340042990893
1001340042990901
1001340042990919
1001340042990935
1001340042990927
1001340042990950
1001340042990968
1001340042990976
1001340042990992
1001340042991008
1001340042991016
1001340042991024
1001340042991032
1001340042991040
1001340042991057
1001340042991065
1001340042991073
1001340042991081
1001340042991107
1001340042991099
1001340042991115
1001340042991123
1001340042991131
1001340042991149
1001340042991156
1001340042991164
1001340042991172
1001340042991180
1001340042991198
1001340042991206
1001340042991214
1001340042991230
1001340042991222
1001340042991248
1001340042991255
1001340042991271
1001340042991289
1001340042991305
1001340042991321
1001340042991313
1001340042991347
1001340042991339
1001340042991354
1001340042991362
1001340042991370
1001340042991388
1001340042991404
1001340042991412
1001340042991396
1001340042991438
1001340042991420
1001340042991446
1001340042991453
1001340042991479
1001340042991461
1001340042991495
1001340042991487
1001340042991503
1001340042991529
1001340042991511
1001340042991537
1001340042991552
1001340042991560
1001340042991578
1001340042991586
1001340042991594
1001340042991602
1001340042991610
1001340042991628
1001340042991636
1001340042991644
1001340042991669
1001340042991677
1001340042991651
1001340042991685
1001340042991693
1001340042991701
1001340042991719
1001340042991727
1001340042991735
1001340042991743
1001340042991768
1001340042991750
1001340042991784
1001340042991792
1001340042991800
1001340042991826
1001340042991818
1001340042991834
1001340042991842
1001340042991859
1001340042991867
1001340042991875
1001340042991891
1001340042991909
1001340042991917
1001340042991933
1001340042991941
1001340042991958
1001340042991966
1001340042991974
1001340042991982
1001340042991990
1001340042992006
1001340042992022
1001340042992014
1001340042992030
1001340042992055
1001340042992048
1001340042992071
1001340042992063
1001340042992089
1001340042992097
1001340042992105
1001340042992113
1001340042992139
1001340042992121
1001340042992147
1001340042992154
1001340042992162
1001340042992170
1001340042992188
1001340042992196
1001340042992204
1001340042992220
1001340042992212
1001340042992246
1001340042992238
1001340042992253
1001340042992261
1001340042992295
1001340042992303
1001340042992287
1001340042992311
1001340042992329
1001340042992337
1001340042992345
1001340042992352
1001340042992360
1001340042992378
1001340042992386
1001340042992394
1001340042992402
1001340042992410
1001340042992428
1001340042992436
1001340042992444
1001340042992469
1001340042992493
1001340042992519
1001340042992527
1001340042992535
1001340042992543
1001340042992550
1001340042992568
1001340042992576
1001340042992584
1001340042992592
1001340042992600
1001340042992618
1001340042992634
1001340042992626
1001340042992642
1001340042992659
1001340042992667
1001340042992675
1001340042992683
1001340042992691
1001340042992709
1001340042992717
1001340042992725
1001340042992733
1001340042992741
1001340042992758
1001340042992766
1001340042992774
1001340042992782
1001340042992808
1001340042992816
1001340042992824
1001340042992857
1001340042992865
1001340042992873
1001340042992881
1001340042992899
1001340042992907
1001340042992923
1001340042992915
1001340042992931
1001340042992956
1001340042992964
1001340042992972
1001340042992980
1001340042992998
1001340042993004
1001340042993012
1001340042993020
1001340042993038
1001340042993046
1001340042993053
1001340042993061
1001340042993079
1001340042993095
1001340042993103
1001340042993111
1001340042993129
1001340042993087
1001340042993137
1001340042993160
1001340042993152
1001340042993145
1001340042993186
1001340042993194
1001340042993202
1001340042993228
1001340042993210
1001340042993236
1001340042993244
1001340042993251
1001340042993277
1001340042993285
1001340042993301
1001340042993319
1001340042993335
1001340042993343
1001340042993327
1001340042993368
1001340042993350
1001340042993376
1001340042993384
1001340042993392
1001340042993418
1001340042993426
1001340042993434
1001340042993459
1001340042993467
1001340042993475
1001340042993483
1001340042993491
1001340042993509
1001340042993517
1001340042993533
1001340042993541
1001340042993558
1001340042993566
1001340042993574
1001340042993582
1001340042993590
1001340042993608
1001340042993616
1001340042993632
1001340042993624
1001340042993640
1001340042993657
1001340042993673
1001340042993699
1001340042993715
1001340042993707
1001340042993723
1001340042993731
1001340042993749
1001340042993756
1001340042993764
1001340042993772
1001340042993806
1001340042993798
1001340042993814
1001340042993822
1001340042993830
1001340042993848
1001340042993863
1001340042993855
1001340042993871
1001340042993889
1001340042993897
1001340042993905
1001340042993913
1001340042993921
1001340042993947
1001340042993939
1001340042993954
1001340042993962
1001340042993970
1001340042993988
1001340042993996
1001340042994002
1001340042994010
1001340042994028
1001340042994036
1001340042994044
1001340042994051
1001340042994069
1001340042994077
1001340042994085
1001340042994093
1001340042994101
1001340042994127
1001340042994119
1001340042994135
1001340042994143
1001340042994150
1001340042994176
1001340042994184
1001340042994192
1001340042994200
1001340042994226
1001340042994218
1001340042994234
1001340042994242
1001340042994267
1001340042994259
1001340042994275
1001340042994283
1001340042994291
1001340042994309
1001340042994317
1001340042994325
1001340042994333
1001340042994358
1001340042994366
1001340042994382
1001340042994374
1001340042994416
1001340042994408
1001340042994440
1001340042994432
1001340042994424
1001340042994473
1001340042994457
1001340042994465
1001340042994481
1001340042994507
1001340042994515
1001340042994523
1001340042994531
1001340042994549
1001340042994556
1001340042994564
1001340042994572
1001340042994580
1001340042994598
1001340042994614
1001340042994606
1001340042994622
1001340042994630
1001340042994655
1001340042994648
1001340042994671
1001340042994663
1001340042994689
1001340042994697
1001340042994713
1001340042994721
1001340042994747
1001340042994739
1001340042994770
1001340042994762
1001340042994754
1001340042994788
1001340042994796
1001340042994812
1001340042994838
1001340042994846
1001340042994853
1001340042994879
1001340042994887
1001340042994895
1001340042994903
1001340042994911
1001340042994929
1001340042994937
1001340042994945
1001340042994960
1001340042994952
1001340042994978
1001340042994986
1001340042994994
1001340042995017
1001340042995009
1001340042995025
1001340042995033
1001340042995041
1001340042995058
1001340042995074
1001340042995082
1001340042995090
1001340042995108
1001340042995066
1001340042995116
1001340042995124
1001340042995132
1001340042995140
1001340042995157
1001340042995165
1001340042995173
1001340042995199
1001340042995181
1001340042995207
1001340042995231
1001340042995223
1001340042995264
1001340042995256
1001340042995249
1001340042995280
1001340042995272
1001340042995306
1001340042995314
1001340042995298
1001340042995322
1001340042995330
1001340042995355
1001340042995363
1001340042995371
1001340042995389
1001340042995397
1001340042995413
1001340042995421
1001340042995447
1001340042995454
1001340042995462
1001340042995470
1001340042995488
1001340042995496
1001340042995504
1001340042995512
1001340042995538
1001340042995520
1001340042995546
1001340042995553
1001340042995561
1001340042995579
1001340042995587
1001340042995603
1001340042995611
1001340042995637
1001340042995629
1001340042995652
1001340042995645
1001340042995660
1001340042995686
1001340042995678
1001340042995694
1001340042995710
1001340042995728
1001340042995744
1001340042995736
1001340042995751
1001340042995777
1001340042995769
1001340042995785
1001340042995801
1001340042995819
1001340042995793
1001340042995827
1001340042995843
1001340042995850
1001340042995835
1001340042995868
1001340042995876
1001340042995884
1001340042995892
1001340042995900
1001340042995918
1001340042995926
1001340042995942
1001340042995934
1001340042995959
1001340042995967
1001340042995983
1001340042995991
1001340042996015
1001340042996023
1001340042996031
1001340042996049
1001340042996056
1001340042996064
1001340042996072
1001340042996098
1001340042996080
1001340042995975
1001340042996106
1001340042996114
1001340042996122
1001340042996130
1001340042996148
1001340042996155
1001340042996163
1001340042996171
1001340042996205
1001340042996189
1001340042996213
1001340042996221
1001340042996239
1001340042996247
1001340042996254
1001340042996262
1001340042996288
1001340042996296
1001340042996270
1001340042996304
1001340042996312
1001340042996320
1001340042996346
1001340042996353
1001340042996361
1001340042996379
1001340042996387
1001340042996395
1001340042996403
1001340042996411
1001340042996429
1001340042996437
1001340042996445
1001340042996452
1001340042996460
1001340042996478
1001340042996486
1001340042996494
1001340042996510
1001340042996502
1001340042996528
1001340042996544
1001340042996536
1001340042996577
1001340042996551
1001340042996585
1001340042996593
1001340042996601
1001340042996627
1001340042996635
1001340042996619
1001340042996650
1001340042996643
1001340042996668
1001340042996676
1001340042996684
1001340042996700
1001340042996718
1001340042996692
1001340042996726
1001340042996734
1001340042996742
1001340042996759
1001340042996767
1001340042996775
1001340042996791
1001340042996783
1001340042996809
1001340042996817
1001340042996833
1001340042996841
1001340042996825
1001340042996866
1001340042996874
1001340042996890
1001340042996882
1001340042996908
1001340042996916
1001340042996924
1001340042996932
1001340042996940
1001340042996957
1001340042996965
1001340042996973
1001340042996981
1001340042996999
1001340042997013
1001340042997021
1001340042997039
1001340042997047
1001340042997062
1001340042997070
1001340042997054
1001340042997088
1001340042997104
1001340042997096
1001340042997112
1001340042997120
1001340042997146
1001340042997138
1001340042997153
1001340042997179
1001340042997187
1001340042997161
1001340042997195
1001340042997211
1001340042997203
1001340042997237
1001340042997229
1001340042997260
1001340042997278
1001340042997294
1001340042997286
1001340042997302
1001340042997310
1001340042997328
1001340042997336
1001340042997344
1001340042997351
1001340042997377
1001340042997385
1001340042997393
1001340042997401
1001340042997427
1001340042997419
1001340042997443
1001340042997450
1001340042997468
1001340042997476
1001340042997492
1001340042997500
1001340042997526
1001340042997518
1001340042997534
1001340042997542
1001340042997559
1001340042997567
1001340042997583
1001340042997609
1001340042997625
1001340042997617
1001340042997641
1001340042997658
1001340042997633
1001340042997666
1001340042997674
1001340042997682
1001340042997690
1001340042997708
1001340042997716
1001340042997724
1001340042997732
1001340042997740
1001340042997757
1001340042997765
1001340042997799
1001340042997781
1001340042997807
1001340042997815
1001340042997823
1001340042997849
1001340042997856
1001340042997831
1001340042997872
1001340042997864
1001340042997880
1001340042997898
1001340042997906
1001340042997914
1001340042997930
1001340042997922
1001340042997955
1001340042997948
1001340042997971
1001340042997963
1001340042997989
1001340042997997
1001340042998003
1001340042998011
1001340042998029
1001340042998045
1001340042998052
1001340042998060
1001340042998037
1001340042998078
1001340042998094
1001340042998086
1001340042998102
1001340042998110
1001340042998128
1001340042998144
1001340042998151
1001340042998169
1001340042998177
1001340042998185
1001340042998193
1001340042998219
1001340042998201
1001340042998227
1001340042998235
1001340042998243
1001340042998250
1001340042998276
1001340042998284
1001340042998292
1001340042998300
1001340042998318
1001340042998326
1001340042998334
1001340042998342
1001340042998359
1001340042998367
1001340042998383
1001340042998391
1001340042998409
1001340042998417
1001340042998425
1001340042998433
1001340042998441
1001340042998458
1001340042998466
1001340042998474
1001340042998482
1001340042998490
1001340042998508
1001340042998516
1001340042998524
1001340042998532
1001340042998540
1001340042998557
1001340042998565
1001340042998573
1001340042998581
1001340042998599
1001340042998607
1001340042998615
1001340042998623
1001340042998631
1001340042998649
1001340042998656
1001340042998664
1001340042998680
1001340042998672
1001340042998698
1001340042998706
1001340042998714
1001340042998730
1001340042998748
1001340042998755
1001340042998763
1001340042998797
1001340042998821
1001340042998813
1001340042998847
1001340042998854
1001340042998862
1001340042998870
1001340042998888
1001340042998896
1001340042998904
1001340042998912
1001340042998920
1001340042998938
1001340042998946
1001340042998961
1001340042998953
1001340042998979
1001340042998987
1001340042998995
1001340042999001
1001340042999027
1001340042999019
1001340042999043
1001340042999035
1001340042999050
1001340042999068
1001340042999076
1001340042999100
1001340042999118
1001340042999092
1001340042999126
1001340042999134
1001340042999142
1001340042999167
1001340042999159
1001340042999175
1001340042999183
1001340042999191
1001340042999209
1001340042999217
1001340042999225
1001340042999233
1001340042999258
1001340042999266
1001340042999274
1001340042999282
1001340042999308
1001340042999290
1001340042999316
1001340042999340
1001340042999332
1001340042999324
1001340042999365
1001340042999357
1001340042999373
1001340042999399
1001340042999381
1001340042999407
1001340042999415
1001340042999423
1001340042999431
1001340042999464
1001340042999456
1001340042999472
1001340042999480
1001340042999498
1001340042999514
1001340042999522
1001340042999530
1001340042999548
1001340042999555
1001340042999563
1001340042999571
1001340042999589
1001340042999597
1001340042999605
1001340042999613
1001340042999639
1001340042999647
1001340042999654
1001340042999662
1001340042999670
1001340042999688
1001340042999696
1001340042999704
1001340042999720
1001340042999738
1001340042999746
1001340042999753
1001340042999761
1001340042999779
1001340042999787
1001340042999795
1001340042999803
1001340042999811
1001340042999829
1001340042999837
1001340042999845
1001340042999878
1001340042999852
1001340042999860
1001340042999886
1001340042999894
1001340042999902
1001340042999910
1001340042999928
1001340042999944
1001340042999951
1001340042999969
1001340042999985
1001340042999993
